0.00,0.00,0.00
0.05,0.05,0.01
0.07,0.06,0.01
0.06,0.05,0.01
0.04,0.07,0.02
0.02,0.08,0.02
0.03,0.07,0.68
0.03,0.08,1.33
0.07,0.09,1.96
0.10,0.10,2.58
0.13,0.11,3.19
0.11,0.09,3.79
0.10,0.08,4.38
0.07,0.07,4.96
0.05,0.06,5.53
0.06,0.07,6.08
0.05,0.06,6.62
0.07,0.10,7.15
0.08,0.08,7.67
0.10,0.07,8.19
0.09,0.06,8.69
0.09,0.05,9.18
0.06,0.02,9.65
0.06,0.01,10.12
0.04,0.01,10.58
0.07,0.03,11.04
0.10,0.05,11.47
0.11,0.06,11.90
0.10,0.06,12.33
0.09,0.05,12.74
0.07,0.04,13.13
0.05,0.06,13.53
0.05,0.03,13.90
0.08,0.03,14.27
0.08,0.02,14.63
0.09,0.04,14.99
0.09,0.05,15.34
0.08,0.07,15.67
0.05,0.06,16.00
0.05,0.08,16.33
0.07,0.09,16.64
0.06,0.06,16.95
0.07,0.07,17.25
0.09,0.06,17.55
0.10,0.07,17.84
0.09,0.08,18.12
0.09,0.07,18.39
0.06,0.06,18.66
0.05,0.07,18.93
0.05,0.06,19.18
0.06,0.08,19.43
0.06,0.07,19.68
0.08,0.04,19.92
0.10,0.08,20.14
0.09,0.07,20.36
0.09,0.09,20.57
0.09,0.08,20.77
0.09,0.09,20.98
0.08,0.10,21.17
0.08,0.09,21.36
0.07,0.11,21.54
0.07,0.12,21.72
0.08,0.13,21.90
0.10,0.12,22.07
0.10,0.13,22.23
0.09,0.13,22.38
0.09,-0.04,22.03
0.31,-0.53,21.37
0.32,-0.48,20.75
0.15,-0.20,20.39
-0.05,0.02,20.26
-0.20,0.32,20.42
-0.19,0.42,20.60
-0.15,0.39,20.77
-0.10,0.37,20.93
0.23,0.10,20.74
0.58,0.18,20.20
0.56,0.33,19.47
0.68,0.46,18.42
0.82,0.66,17.07
0.60,0.46,15.68
0.21,0.13,14.30
-0.18,0.13,12.91
-0.33,0.04,12.13
-0.42,0.36,10.83
-0.42,0.44,10.42
-0.23,-0.21,10.49
-0.12,-0.47,10.68
-0.17,-0.24,10.67
-0.36,0.24,10.02
-0.68,1.01,8.58
-0.79,0.95,7.36
-0.70,0.87,6.17
-0.74,0.80,5.45
-1.02,0.61,4.91
-1.01,0.54,4.29
-0.95,0.49,3.39
-0.77,0.28,2.41
-0.65,0.17,1.66
-0.27,-0.21,1.86
-0.17,-0.47,1.99
-0.17,0.56,1.09
-0.49,1.19,0.26
-0.57,0.67,-0.49
-0.58,0.68,-1.42
-0.59,0.71,-2.24
-0.61,0.69,-3.10
-0.59,0.67,-3.82
-0.60,0.51,-4.26
-0.77,0.95,-5.35
-0.82,1.08,-6.38
-0.93,1.27,-7.14
-1.06,1.20,-8.35
-1.21,1.75,-9.32
-1.31,1.68,-10.74
-0.94,3.52,-12.21
-1.97,2.18,-13.70
-2.35,1.00,-14.07
-2.20,0.08,-14.33
-2.17,-0.48,-13.47
-2.57,-0.59,-12.24
-2.53,-0.54,-10.16
-2.19,-0.35,-7.87
-1.65,-0.03,-5.86
-1.01,0.28,-4.44
-0.52,0.51,-3.76
-0.09,0.63,-3.24
0.29,0.71,-3.01
0.47,0.70,-3.03
0.45,0.62,-3.06
0.40,0.54,-3.08
0.35,0.48,-3.11
0.29,0.43,-2.81
0.27,0.41,-2.52
0.25,0.37,-2.23
0.24,0.35,-1.96
0.23,0.32,-1.68
0.21,0.28,-1.41
0.19,0.25,-1.19
0.16,0.22,-0.88
-0.15,-0.81,-0.43
-0.32,-1.12,0.50
-0.36,-0.66,1.45
-0.27,-0.32,1.92
0.02,-0.04,2.02
0.52,0.65,1.93
0.72,0.55,1.60
0.62,0.52,1.45
0.29,0.63,1.44
0.17,0.69,0.95
-0.01,0.86,0.35
-0.16,0.84,-0.24
-0.11,0.79,-0.81
-0.07,0.77,-1.41
-0.01,0.60,-1.89
0.02,0.49,-2.36
-0.11,0.38,-2.86
-0.24,0.36,-3.45
-0.25,0.29,-4.18
-0.26,0.16,-4.91
-0.36,0.10,-5.57
-0.47,0.03,-6.21
-0.55,-0.01,-6.88
-0.65,0.01,-7.53
-0.79,0.04,-7.99
-0.74,-0.00,-8.15
-0.58,-0.15,-8.19
-0.49,-0.18,-8.11
-0.45,-0.19,-8.03
-0.45,-0.17,-7.98
-0.41,-0.09,-7.95
-0.38,-0.06,-7.81
-0.36,-0.06,-7.65
-0.39,-0.00,-7.49
-0.37,0.02,-7.21
-0.32,0.02,-6.91
-0.25,-0.00,-6.61
-0.20,-0.02,-6.32
-0.18,-0.05,-6.04
-0.14,-0.01,-5.76
-0.16,0.01,-5.43
-0.17,0.04,-5.10
-0.16,0.04,-4.73
-0.15,0.06,-4.33
-0.13,0.07,-3.88
-0.10,0.08,-3.43
-0.09,0.13,-2.88
-0.08,0.15,-2.29
-0.06,0.16,-1.68
0.01,0.12,-1.05
0.05,0.06,-0.38
0.06,0.06,0.27
0.05,0.12,1.05
0.09,0.11,1.98
0.11,0.10,2.99
0.22,0.14,3.98
0.25,0.09,4.94
0.38,0.03,5.89
0.42,0.05,6.89
0.36,0.13,7.82
0.26,0.14,9.06
0.29,0.02,10.91
0.49,0.00,13.18
0.60,-0.08,15.76
0.71,-0.42,18.55
0.84,-0.40,20.89
0.70,-0.11,23.05
0.86,-0.15,25.59
0.97,-0.73,27.53
0.87,-0.44,28.50
0.74,-0.24,29.58
0.54,-0.16,30.64
0.43,-0.19,31.69
0.37,-0.21,32.67
0.41,-0.16,33.63
0.52,-0.08,34.49
0.42,-0.03,35.00
0.42,0.09,35.44
0.44,0.14,35.84
0.51,0.13,36.16
0.58,0.12,36.35
0.67,0.20,36.37
0.81,0.22,36.28
0.96,0.22,36.00
1.02,0.25,35.69
1.00,0.24,35.35
0.90,0.25,35.03
0.81,0.20,34.63
0.90,0.30,33.94
0.95,0.39,32.99
1.05,0.46,31.60
0.98,0.54,30.05
0.80,0.59,28.33
0.97,0.94,25.95
1.10,1.27,23.12
1.07,1.59,19.85
0.18,1.29,17.17
-0.51,0.97,14.71
-1.22,0.61,12.67
-1.41,0.57,10.89
-1.42,0.51,8.82
-1.32,0.56,6.79
-1.42,0.55,4.85
-1.60,0.25,3.43
-1.74,-0.07,2.28
-1.74,-0.20,1.31
-1.76,-0.07,-0.21
-1.85,-0.31,-1.41
-1.80,-0.50,-2.52
-1.72,-0.43,-3.59
-1.56,-0.38,-4.56
-1.50,-0.41,-5.30
-1.51,-0.31,-6.18
-1.50,-0.23,-6.85
-1.40,-0.10,-7.37
-1.28,-0.06,-7.88
-1.18,0.03,-8.26
-1.08,-0.06,-8.67
-0.96,-0.01,-9.01
-0.80,-0.11,-9.25
-0.76,-0.15,-9.37
-0.73,-0.26,-9.36
-0.69,-0.28,-9.37
-0.51,-0.13,-9.43
-0.34,-0.05,-9.39
-0.30,-0.02,-9.35
-0.28,0.02,-9.30
-0.26,0.02,-9.20
-0.29,0.01,-9.12
-0.18,0.04,-9.09
-0.13,0.06,-8.91
-0.11,0.06,-8.73
-0.06,0.06,-8.56
-0.04,0.05,-8.38
-0.00,0.02,-8.22
-0.01,0.02,-8.05
-0.01,0.02,-7.81
0.01,0.02,-7.42
-0.21,-0.27,-6.73
-0.17,-0.18,-5.65
-0.21,-0.21,-4.64
-0.41,-0.21,-3.50
-0.47,-0.16,-2.46
-0.36,0.17,-1.30
-0.40,0.07,-0.07
-0.37,0.24,1.61
-0.39,0.13,3.61
-0.19,0.16,5.35
-0.02,0.42,6.81
0.33,0.48,8.12
0.37,0.55,9.44
0.50,0.55,10.83
0.77,0.52,11.99
0.77,0.48,12.92
0.87,0.35,13.83
0.98,0.19,14.37
0.94,0.12,14.84
0.88,0.08,15.20
0.82,0.09,15.51
0.75,0.12,15.77
0.68,0.13,16.11
0.63,0.14,16.48
0.55,0.12,16.85
0.49,0.11,17.29
0.45,0.12,17.77
0.31,0.06,18.44
0.20,0.06,19.26
0.05,-0.08,20.38
0.20,-0.19,21.28
0.48,-0.08,21.92
0.52,0.10,22.28
0.55,0.10,22.52
0.49,0.23,22.63
0.49,0.28,22.60
0.47,0.25,22.53
0.43,0.20,22.46
0.42,0.16,22.38
0.35,0.17,22.31
0.31,0.15,22.25
0.29,0.13,22.18
0.27,0.14,22.12
0.24,0.12,22.06
0.22,0.10,22.00
0.22,0.07,21.93
0.23,0.08,21.82
0.25,0.04,21.71
0.25,0.02,21.59
0.36,-0.01,21.42
0.33,-0.03,21.27
0.23,0.03,21.15
0.17,0.07,21.05
0.08,0.09,20.98
0.06,0.08,20.92
0.05,0.07,20.87
0.03,0.09,20.82
0.04,0.10,20.78
0.04,0.09,20.67
0.06,0.08,20.55
0.15,0.05,20.41
0.14,0.04,20.27
0.14,0.03,20.12
0.12,0.03,19.94
0.08,0.02,19.49
0.16,-0.38,18.82
-0.04,-0.67,18.44
-0.29,-0.51,18.56
-0.52,-0.25,18.87
-0.47,0.14,19.26
-0.20,0.78,19.40
0.34,2.24,19.21
0.69,3.35,19.18
0.46,4.16,19.54
0.31,4.68,19.97
0.18,4.75,20.34
0.01,4.50,21.05
0.07,3.89,21.67
0.27,3.45,22.18
0.42,3.45,22.62
0.45,3.65,22.94
0.59,4.31,23.12
0.70,4.80,24.47
0.58,4.50,25.84
0.41,3.80,27.29
0.32,2.90,28.76
0.21,1.84,30.27
0.03,0.36,31.77
-0.01,-1.43,33.23
0.03,-3.20,34.67
-0.01,-5.06,36.13
0.20,-6.07,37.41
0.45,-6.79,38.59
0.44,-8.22,39.85
0.38,-9.76,40.98
0.60,-10.30,41.98
0.89,-10.26,42.93
0.96,-11.18,43.94
0.91,-12.41,45.06
0.93,-13.67,46.21
0.66,-15.43,47.52
0.24,-17.87,48.97
-0.10,-19.99,50.40
-0.22,-21.43,51.74
-0.27,-22.60,53.01
-0.19,-23.56,54.20
-0.04,-24.38,55.26
0.26,-24.62,56.21
0.37,-25.09,57.26
0.43,-26.07,58.36
0.54,-26.92,59.44
0.53,-27.84,60.63
0.32,-29.00,61.94
0.30,-30.18,63.12
0.25,-31.27,64.32
0.30,-32.12,65.44
0.34,-32.54,66.56
0.37,-33.24,67.69
0.36,-33.80,68.83
0.36,-34.29,69.96
0.37,-34.81,71.08
0.38,-35.17,72.20
0.40,-35.47,73.32
0.39,-35.78,74.43
0.43,-35.99,75.54
0.42,-36.21,76.67
0.43,-36.34,77.78
0.44,-36.64,78.90
0.41,-36.87,80.04
0.33,-37.20,81.20
0.33,-37.61,82.30
0.26,-38.16,83.43
0.07,-38.66,84.64
-0.21,-39.29,85.92
-0.38,-39.90,87.13
-0.46,-40.32,88.25
-0.54,-40.63,89.37
-0.63,-40.83,90.48
-0.43,-40.56,91.37
-0.33,-40.03,92.33
-0.22,-39.50,93.29
0.22,-38.49,93.99
0.69,-37.50,94.67
0.50,-37.47,95.82
0.44,-37.22,96.92
0.46,-36.90,97.96
0.45,-36.68,99.03
0.43,-36.45,100.10
0.42,-36.33,101.15
0.41,-36.42,102.20
0.27,-36.68,103.34
0.15,-36.87,104.46
0.15,-36.85,105.47
0.24,-36.63,106.41
0.29,-36.53,107.36
0.32,-36.35,108.33
0.37,-36.21,109.27
0.39,-36.07,110.23
0.41,-36.00,111.18
0.43,-35.95,112.12
0.44,-36.12,113.05
0.43,-36.26,113.98
0.29,-36.31,115.01
0.16,-36.42,116.00
0.07,-36.44,116.98
0.01,-36.49,117.91
0.01,-36.39,118.80
0.05,-36.18,119.63
0.15,-35.79,120.43
0.18,-35.62,121.26
0.22,-35.60,122.07
0.15,-35.64,122.97
0.06,-35.73,123.85
0.11,-35.60,124.62
0.23,-35.38,125.35
0.25,-35.30,126.11
0.31,-35.33,126.85
0.33,-35.32,127.60
0.34,-35.16,128.34
0.33,-34.99,129.08
0.38,-34.85,129.78
0.39,-34.77,130.49
0.40,-34.77,131.19
0.42,-34.64,131.88
0.44,-34.47,132.56
0.48,-34.31,133.21
0.49,-34.18,133.88
0.50,-34.11,134.53
0.51,-33.96,135.18
0.54,-34.15,135.80
0.55,-34.04,136.42
0.55,-33.97,137.03
0.56,-33.81,137.63
0.63,-33.53,138.16
0.81,-33.25,138.61
0.89,-33.19,139.11
0.85,-33.41,139.68
0.85,-33.48,140.22
0.90,-33.38,140.71
0.90,-33.50,141.24
0.84,-33.76,141.79
0.82,-33.88,142.32
0.80,-34.05,142.83
0.78,-34.32,143.34
0.75,-34.63,143.84
0.70,-35.02,144.33
0.67,-35.52,144.80
0.63,-36.29,145.27
-0.04,-37.54,146.19
-0.68,-39.57,147.13
-1.67,-42.41,148.36
-2.78,-45.48,149.76
-3.48,-47.06,150.89
-3.76,-47.47,151.62
-3.86,-47.23,152.31
-3.96,-46.40,152.97
-3.84,-45.37,153.47
-4.64,-45.36,154.82
-5.49,-45.08,156.29
-5.64,-43.94,157.19
-5.58,-42.54,157.98
-5.13,-40.73,158.39
-4.02,-39.17,158.09
-3.23,-35.91,157.69
-1.97,-32.86,157.23
-1.88,-29.76,157.46
-1.60,-26.88,157.66
-1.42,-24.28,157.92
-1.17,-21.84,158.10
-0.98,-19.68,158.33
-0.83,-17.75,158.64
-0.72,-15.98,159.04
-0.65,-14.38,159.21
-0.54,-12.93,159.37
-0.46,-11.63,159.53
-0.41,-10.45,159.69
-0.36,-9.37,159.84
-0.29,-8.37,159.99
-0.27,-7.52,158.62
-0.22,-6.73,157.24
-0.20,-6.06,155.88
-0.17,-5.42,154.51
-0.16,-4.84,153.14
-0.13,-4.31,151.78
-0.11,-3.84,150.72
-0.07,-3.42,149.64
-0.04,-3.04,148.54
-0.02,-2.70,147.43
0.01,-2.40,146.30
0.05,-2.13,145.16
0.05,-1.86,144.06
0.05,-1.66,142.96
0.07,-1.46,141.83
0.09,-1.28,140.68
0.11,-1.13,139.53
0.13,-0.99,138.35
0.13,-0.88,137.19
0.12,-0.75,136.02
0.12,-0.64,134.82
0.12,-0.57,133.62
0.13,-0.46,132.41
0.13,-0.40,131.18
0.15,-0.32,129.94
0.17,-0.28,128.70
0.16,-0.24,127.43
0.16,-0.21,126.16
0.18,-0.16,124.88
0.19,-0.11,123.58
0.21,-0.07,122.28
0.19,-0.06,120.97
0.20,-0.04,119.65
0.22,-0.00,118.33
0.22,0.00,116.99
0.20,0.04,115.65
0.19,0.04,114.30
0.18,0.04,112.95
0.19,0.07,111.59
0.20,0.10,110.23
0.24,0.10,108.87
0.22,0.10,107.52
0.10,0.01,106.51
0.31,0.19,105.34
0.34,0.23,104.16
0.34,0.21,102.99
0.37,0.23,101.76
0.39,0.26,100.52
0.39,0.27,99.27
0.39,0.27,98.00
0.39,0.30,96.66
0.40,0.36,95.30
0.39,0.48,93.93
0.39,0.84,92.52
0.65,1.86,90.85
0.67,2.27,89.30
0.42,2.20,87.86
0.37,2.05,86.55
0.26,1.68,85.40
0.16,1.36,84.30
0.22,1.25,83.21
0.32,1.25,82.11
0.40,1.19,80.98
0.47,1.28,79.87
0.40,1.02,78.83
0.48,1.01,77.73
0.51,0.91,76.82
0.49,0.82,75.93
0.54,0.84,75.03
0.44,0.56,74.22
0.36,0.31,73.49
0.31,0.17,72.79
0.56,0.72,71.97
0.68,1.33,71.08
0.73,1.54,70.03
0.80,1.80,68.90
1.02,2.08,67.69
1.06,1.76,66.50
1.36,1.12,66.01
1.47,0.91,65.48
1.75,0.66,64.91
1.47,-0.41,64.50
1.46,-1.76,64.16
1.55,-3.01,63.82
1.63,-4.35,64.89
2.00,-5.08,65.87
2.30,-5.61,66.82
2.10,-7.27,67.96
1.89,-9.57,69.26
1.70,-11.85,70.61
1.57,-13.88,71.98
1.68,-14.80,73.17
1.82,-16.04,74.47
1.53,-18.37,75.88
1.42,-19.93,77.23
1.34,-21.32,78.56
1.25,-22.72,79.88
1.18,-24.18,81.18
1.19,-25.45,82.41
1.44,-26.40,83.45
1.32,-27.39,84.70
1.48,-28.12,85.73
2.01,-28.28,86.58
1.60,-29.97,87.97
1.50,-31.31,89.20
1.39,-32.70,90.41
1.31,-34.12,91.57
1.16,-35.21,92.76
1.03,-36.18,93.94
0.98,-36.56,95.04
0.95,-37.03,96.12
0.87,-37.62,97.23
0.79,-38.19,98.31
0.79,-38.50,99.33
0.82,-38.50,100.33
0.80,-38.95,101.35
0.79,-39.35,102.34
0.78,-39.84,103.32
0.70,-40.50,104.32
0.56,-41.29,105.36
-0.10,-42.92,106.76
-0.43,-44.30,107.93
-1.13,-46.04,109.35
-2.31,-48.28,111.17
-3.69,-50.19,113.22
-4.81,-51.30,115.08
-6.29,-52.72,117.35
-7.43,-53.27,119.44
-7.96,-53.12,121.03
-9.21,-53.52,123.33
-10.77,-53.52,126.08
-12.40,-53.42,129.02
-13.24,-53.01,131.34
-12.22,-52.42,131.40
-10.50,-49.31,130.59
-8.95,-45.19,129.93
-7.60,-41.18,129.63
-6.48,-37.44,129.65
-5.62,-33.96,130.02
-5.06,-30.76,130.73
-4.45,-27.77,131.48
-3.91,-25.07,132.29
-3.41,-22.61,133.16
-2.97,-20.36,134.08
-2.57,-18.32,134.99
-2.24,-16.47,135.93
-1.95,-14.80,136.88
-1.68,-13.28,137.84
-1.45,-11.94,138.81
-1.23,-10.73,139.77
-1.08,-9.65,139.63
-0.93,-8.63,139.49
-0.79,-7.75,139.33
-0.62,-6.93,139.15
-0.49,-6.20,138.92
-0.19,-5.46,138.56
-0.11,-4.86,137.15
-0.02,-4.29,135.69
0.04,-3.46,134.15
0.31,-1.02,131.77
0.84,1.46,129.51
0.24,3.49,127.39
0.35,5.88,125.40
0.06,7.02,123.75
-0.18,7.94,122.14
0.07,9.95,120.32
0.21,12.14,118.32
0.08,12.19,116.66
0.13,12.35,115.42
0.37,10.50,114.30
0.39,8.14,113.31
0.55,5.21,112.35
0.67,2.07,111.36
0.74,-1.20,110.44
0.75,-4.45,110.97
0.88,-6.63,111.36
1.18,-8.49,111.63
1.42,-10.22,111.89
1.53,-11.88,112.20
1.57,-13.44,112.56
1.42,-15.40,113.54
1.39,-17.06,114.49
1.44,-18.32,115.37
1.30,-20.16,116.35
1.23,-21.65,117.27
1.20,-23.16,118.15
1.15,-24.70,119.12
1.10,-26.13,120.05
1.04,-27.39,120.96
1.02,-28.36,121.84
1.01,-29.17,122.70
0.99,-29.99,123.54
0.95,-30.81,124.40
0.93,-31.44,125.22
0.92,-31.98,126.03
0.89,-32.51,126.83
0.88,-33.12,127.60
0.85,-33.68,128.37
0.85,-34.11,129.12
0.83,-34.38,129.85
0.84,-34.63,130.57
0.84,-34.92,131.27
0.83,-35.28,131.97
0.82,-35.50,132.65
0.83,-35.60,133.31
0.82,-35.87,133.98
0.83,-36.16,134.62
0.81,-36.47,135.26
0.78,-36.72,135.90
0.80,-36.88,136.50
0.79,-37.00,137.10
0.78,-37.03,137.70
0.76,-37.19,138.29
0.73,-37.22,138.88
0.72,-37.30,139.44
0.75,-37.30,139.97
0.76,-37.33,140.51
0.77,-37.32,141.03
0.78,-37.34,141.54
0.80,-37.44,142.05
0.78,-37.64,142.56
0.74,-37.77,143.08
0.73,-37.68,143.57
0.75,-37.54,144.04
0.77,-37.55,144.50
0.77,-37.53,144.96
0.79,-37.50,145.40
0.81,-37.39,145.84
0.79,-37.35,146.29
0.79,-37.29,146.72
0.78,-37.16,147.15
0.78,-37.13,147.57
0.82,-37.06,147.97
0.85,-36.83,148.35
1.17,-36.15,148.49
1.84,-34.89,148.40
2.41,-34.58,148.43
1.97,-34.73,149.04
1.76,-34.61,149.50
1.69,-35.41,149.94
1.66,-35.92,150.31
1.57,-36.88,150.70
1.48,-38.20,151.06
1.33,-39.70,151.46
0.70,-41.94,152.17
-0.53,-45.06,153.36
-2.57,-48.97,155.36
-3.91,-50.89,156.85
-4.33,-50.84,157.57
-4.35,-50.61,157.90
-3.76,-48.73,157.65
-2.52,-46.18,156.85
-1.38,-42.68,156.18
-0.97,-40.47,156.11
-0.39,-38.23,155.95
-0.43,-37.22,156.25
-0.44,-36.77,156.58
-0.24,-35.72,156.78
-0.11,-35.49,156.98
0.00,-35.49,157.17
0.51,-35.18,157.08
0.50,-35.75,157.34
0.54,-36.71,157.58
0.65,-37.10,157.76
0.67,-37.65,157.97
0.71,-37.41,158.17
1.11,-36.86,158.09
1.61,-35.79,157.94
2.09,-35.05,157.82
2.23,-34.68,157.92
2.57,-34.65,157.87
2.47,-35.26,158.12
2.30,-36.62,158.42
2.53,-36.95,158.43
2.82,-37.16,158.42
2.83,-37.72,158.58
2.45,-38.85,158.98
2.29,-40.74,159.20
1.86,-43.02,159.60
1.25,-44.64,160.15
1.05,-45.13,160.40
1.33,-44.05,160.31
1.46,-42.75,160.39
1.59,-41.86,160.46
1.83,-41.09,160.47
2.36,-39.05,160.31
2.86,-37.68,160.18
2.93,-39.06,160.32
2.36,-40.56,160.84
2.14,-41.76,161.12
2.03,-43.06,161.30
1.90,-44.71,161.47
1.80,-45.46,161.64
1.71,-45.82,161.80
1.63,-46.04,161.98
1.60,-46.05,162.12
1.56,-46.48,162.27
1.50,-46.48,162.44
1.86,-45.91,162.31
2.17,-44.85,162.26
1.94,-45.39,162.56
1.83,-46.06,162.76
1.77,-47.09,162.92
1.72,-48.52,163.03
1.66,-48.80,163.16
1.59,-49.21,163.31
1.54,-49.66,163.44
1.46,-50.16,163.59
1.41,-50.64,163.72
1.36,-50.97,163.84
1.31,-51.23,163.95
1.26,-51.43,164.07
1.22,-51.85,164.17
1.17,-52.33,164.28
1.10,-52.78,164.40
1.03,-53.21,164.53
0.96,-53.48,164.63
1.01,-53.66,164.65
1.05,-53.74,164.69
1.06,-53.86,164.74
1.07,-53.87,164.80
1.04,-53.96,164.89
1.02,-53.72,164.97
1.05,-53.80,165.03
1.05,-53.95,165.08
1.06,-54.46,165.13
1.03,-55.14,165.20
1.04,-55.31,165.25
1.06,-55.29,165.29
1.02,-55.48,165.37
1.00,-55.81,165.44
0.97,-56.22,165.50
0.93,-56.36,165.57
0.94,-56.27,165.61
0.93,-56.31,165.68
0.87,-56.46,165.77
0.52,-56.81,166.03
-0.35,-58.15,166.66
-1.83,-60.19,167.73
-2.98,-61.89,168.57
-3.35,-61.70,168.77
-4.03,-62.16,169.25
-4.71,-63.19,169.76
-5.73,-63.80,170.61
-5.15,-63.32,170.11
-4.03,-61.83,169.16
-3.50,-60.95,168.74
-3.09,-60.77,168.45
-2.73,-60.42,168.21
-2.62,-60.42,168.17
-3.22,-61.27,168.74
-4.04,-62.50,169.57
-4.12,-61.75,169.72
-3.51,-60.64,169.28
-3.83,-60.11,169.65
-5.04,-60.73,170.83
-6.57,-61.16,172.35
-6.70,-60.20,172.66
-6.22,-58.86,172.39
-5.83,-57.22,172.22
-6.94,-57.94,173.45
-8.70,-59.71,175.40
-11.59,-61.92,178.53
-15.81,-62.54,-176.94
-13.61,-62.30,-179.40
-14.44,-61.68,-178.74
-11.93,-57.71,179.19
-10.38,-54.00,178.18
-10.02,-51.18,178.45
-9.69,-47.69,178.76
-8.24,-43.65,178.17
-7.08,-39.70,177.84
-6.19,-36.00,177.68
-5.43,-32.56,177.63
-4.78,-29.40,177.67
-4.14,-26.53,177.71
-3.58,-23.89,177.79
-3.11,-21.47,177.92
-2.72,-19.30,177.99
-2.38,-17.36,178.09
-2.09,-15.62,178.24
-1.85,-14.03,178.43
-1.57,-12.58,178.58
-1.33,-11.27,178.71
-1.15,-10.11,178.02
-1.01,-9.02,177.36
-0.86,-8.11,176.71
-0.76,-7.26,176.09
-0.62,-6.47,175.47
-0.53,-5.80,174.87
-0.48,-5.14,174.31
-0.41,-4.60,173.73
-0.32,-4.11,173.14
-0.26,-3.61,172.54
-0.16,-3.18,171.92
-0.08,-2.78,171.27
0.05,-2.19,170.50
0.42,-0.17,169.34
0.74,1.69,168.32
0.35,2.35,167.49
0.24,3.25,166.65
0.44,4.72,165.82
0.33,5.54,165.05
0.54,7.05,164.12
0.82,8.65,163.15
0.90,9.50,162.16
0.91,10.22,161.13
1.09,11.10,159.99
1.14,11.18,158.54
1.32,11.05,157.04
1.46,9.91,155.64
1.44,8.51,154.42
1.50,6.08,153.28
1.64,3.57,152.07
1.58,0.10,151.64
1.61,-2.81,151.23
1.60,-5.36,150.83
1.58,-8.14,150.46
1.69,-9.95,150.13
1.71,-12.60,149.83
1.89,-13.61,149.98
2.05,-14.52,150.09
2.06,-15.83,150.26
2.01,-17.17,150.47
2.03,-18.60,150.66
2.05,-20.52,150.84
2.02,-22.93,151.16
1.93,-25.81,151.51
1.85,-27.42,151.86
1.81,-29.42,152.18
1.76,-30.92,152.49
1.70,-32.44,152.81
1.66,-33.91,153.14
1.61,-35.02,153.46
1.56,-36.09,153.79
1.53,-37.24,154.09
1.48,-38.43,154.39
1.42,-39.79,154.68
1.37,-41.03,154.97
1.35,-41.82,155.23
1.32,-42.58,155.51
1.32,-43.25,155.75
1.31,-44.11,155.99
1.30,-44.82,156.22
1.27,-45.31,156.48
1.26,-45.75,156.70
1.25,-46.32,156.93
1.23,-46.66,157.15
1.20,-47.15,157.38
1.18,-47.44,157.59
1.17,-47.69,157.79
1.18,-48.00,157.98
1.18,-48.16,158.18
1.17,-48.57,158.37
1.17,-48.98,158.55
1.16,-49.32,158.73
1.13,-49.72,158.92
1.13,-50.11,159.09
1.10,-50.39,159.28
1.07,-50.35,159.46
1.07,-50.54,159.62
1.07,-50.84,159.78
1.07,-51.06,159.93
1.01,-51.25,160.12
0.94,-51.54,160.30
0.87,-51.75,160.49
0.89,-51.54,160.62
0.94,-51.32,160.72
0.93,-51.06,160.89
0.92,-51.07,161.04
0.90,-51.12,161.19
0.86,-51.26,161.36
0.87,-51.25,161.48
0.86,-51.24,161.61
0.88,-51.32,161.73
0.88,-51.57,161.86
0.89,-51.91,161.96
0.91,-51.95,162.07
0.89,-51.91,162.20
0.91,-51.88,162.31
0.93,-51.69,162.41
0.91,-51.62,162.54
0.90,-51.52,162.66
0.93,-51.38,162.76
0.92,-51.42,162.88
0.94,-51.64,162.98
0.93,-51.94,163.10
0.95,-52.13,163.19
0.95,-52.20,163.28
0.94,-52.28,163.40
0.95,-52.44,163.49
0.95,-52.72,163.56
0.88,-53.35,163.69
0.81,-54.61,163.80
-1.09,-57.29,165.31
-2.94,-60.33,166.82
-3.38,-62.59,167.16
-5.71,-65.35,169.18
-6.98,-66.93,170.46
-7.13,-66.98,170.67
-9.28,-68.00,172.76
-14.14,-71.04,177.53
-21.66,-74.26,-174.91
-26.94,-74.68,-169.42
-32.62,-74.58,-163.28
-34.52,-73.59,-160.76
-38.31,-74.93,-156.90
-30.10,-72.72,-164.98
-22.86,-67.94,-171.88
-18.11,-62.88,-176.16
-14.99,-57.94,-178.61
-12.51,-53.16,179.64
-10.70,-48.68,178.55
-9.15,-44.43,177.78
-7.83,-40.42,177.27
-6.73,-36.65,176.99
-5.80,-33.17,176.72
-5.03,-29.99,176.60
-4.35,-27.09,176.57
-3.78,-24.42,176.65
-3.31,-21.98,176.82
-2.86,-19.77,177.02
-2.50,-17.76,177.22
-2.19,-15.94,177.45
-1.91,-14.30,177.68
-1.66,-12.85,177.93
-1.46,-11.54,178.19
-1.23,-10.35,178.44
-1.04,-9.24,178.70
-0.86,-8.27,178.96
-0.71,-7.41,179.22
-0.58,-6.61,179.47
-0.48,-5.89,179.72
-0.39,-5.24,179.97
-0.32,-4.65,179.71
-0.23,-4.15,179.46
-0.15,-3.70,179.20
-0.08,-3.27,178.94
-0.01,-2.89,178.68
-0.02,-2.52,178.48
0.09,-2.19,178.27
0.10,-1.94,178.07
0.14,-1.72,177.85
0.18,-1.48,177.62
0.22,-1.23,177.36
0.26,-0.95,177.03
0.26,-0.69,176.65
0.24,-0.36,176.26
0.13,-0.00,175.84
0.06,0.28,175.38
0.02,0.60,174.79
-0.03,0.77,174.10
-0.03,0.86,173.44
-0.01,0.95,172.70
-0.00,1.11,171.90
-0.03,1.28,171.04
0.00,1.40,170.09
-0.05,1.47,169.10
-0.09,1.59,168.06
-0.23,1.78,167.01
-0.19,1.50,166.10
-0.05,1.02,165.25
0.07,0.72,164.41
0.13,0.20,163.66
0.19,-0.22,162.89
0.29,-0.57,162.18
0.32,-0.93,161.55
0.35,-1.03,160.92
0.35,-0.93,160.28
0.35,-0.78,159.63
0.35,-0.64,158.86
0.35,-0.53,158.13
0.30,-0.40,157.39
0.37,-0.25,156.64
0.39,-0.17,155.89
0.42,-0.08,155.11
0.44,0.02,154.27
0.48,0.06,153.39
0.47,-0.03,152.49
0.46,-0.04,151.57
0.50,0.02,150.64
0.53,0.07,149.69
0.54,0.08,148.72
0.53,0.07,147.73
0.54,0.06,146.73
0.52,0.05,145.70
0.50,0.01,144.65
0.49,-0.05,143.50
0.54,-0.06,142.22
0.59,-0.08,140.89
0.56,-0.07,139.60
0.52,-0.04,138.32
0.47,-0.01,137.01
0.45,-0.01,135.66
0.41,-0.01,134.37
0.42,0.04,133.09
0.43,0.08,131.85
0.44,0.12,130.62
0.44,0.13,129.38
0.45,0.15,128.14
0.48,0.20,126.88
0.49,0.23,125.62
0.48,0.26,124.34
0.50,0.29,123.06
0.51,0.29,121.76
0.49,0.26,120.45
0.51,0.23,119.14
0.54,0.26,117.82
0.55,0.27,116.49
0.52,0.29,115.15
0.50,0.29,113.81
0.50,0.31,112.46
0.50,0.33,111.11
0.49,0.35,109.76
0.49,0.34,108.40
0.45,0.34,107.04
0.47,0.33,105.67
0.48,0.33,104.31
0.46,0.37,102.94
0.45,0.36,101.58
0.44,0.33,100.21
0.44,0.32,98.85
0.45,0.34,97.50
0.46,0.33,96.14
0.45,0.35,94.79
0.42,0.34,93.44
0.42,0.36,92.10
0.43,0.33,90.76
0.46,0.30,89.43
0.47,0.32,88.11
0.46,0.33,86.80
0.47,0.35,85.50
0.46,0.36,84.20
0.43,0.35,82.91
0.45,0.33,81.63
0.45,0.32,80.36
0.42,0.35,79.11
0.43,0.35,77.86
0.42,0.34,76.62
0.41,0.36,75.39
0.43,0.37,74.18
0.42,0.41,72.97
0.43,0.40,71.70
0.43,0.42,70.43
0.42,0.44,69.18
0.46,0.52,67.86
0.54,0.60,66.45
0.59,1.29,64.97
0.66,2.82,63.18
0.36,3.22,61.68
0.53,4.59,60.19
0.83,6.79,58.57
0.93,9.65,56.91
0.62,11.65,55.33
0.64,12.94,53.90
0.71,12.79,52.67
0.71,11.76,51.59
0.73,9.52,50.60
0.74,6.88,49.68
0.79,3.91,48.79
0.74,1.03,49.68
0.63,-2.21,50.62
0.05,-6.23,51.93
-0.52,-10.93,53.55
-1.18,-16.51,55.33
-1.86,-21.75,57.04
-2.28,-24.78,59.10
-2.38,-26.66,60.37
-2.13,-26.40,61.13
-2.12,-23.87,62.25
-1.90,-21.51,63.41
-1.39,-19.20,64.81
-1.04,-17.24,66.02
-0.86,-14.95,66.88
-0.78,-13.91,67.77
-0.61,-12.64,68.74
-0.67,-11.78,70.15
-0.52,-10.52,71.64
-0.46,-9.46,73.57
-0.36,-9.12,75.46
-0.25,-8.65,77.39
-0.09,-7.77,79.10
-0.10,-7.12,80.70
-0.11,-7.51,82.18
-0.09,-7.41,81.18
-0.09,-6.95,80.20
-0.01,-6.45,79.27
0.04,-5.11,78.39
0.03,-3.26,77.45
0.04,-0.95,76.45
0.05,1.58,74.89
0.01,3.05,73.53
0.06,3.11,72.29
0.04,2.21,71.12
0.10,1.95,69.97
0.17,1.77,68.83
0.28,1.63,67.66
0.36,1.47,66.47
0.40,1.27,65.26
0.41,1.04,64.03
0.31,0.55,62.85
0.34,0.23,61.64
0.41,0.41,60.43
0.43,0.92,59.16
0.41,1.55,57.93
0.41,1.55,56.91
0.34,1.41,55.94
0.29,1.33,55.02
0.31,1.27,54.11
0.32,1.23,53.20
0.32,1.14,52.32
0.35,1.08,51.46
0.27,0.98,50.65
0.29,0.91,49.83
0.30,0.87,49.00
0.36,0.85,48.15
0.38,0.82,47.30
0.39,0.81,46.47
0.49,0.84,45.65
0.53,1.23,44.83
0.58,3.48,43.66
-0.08,4.34,42.75
0.13,6.24,41.90
0.21,7.12,41.11
0.28,7.14,40.42
0.42,6.47,39.75
0.50,5.76,39.86
0.53,4.61,39.99
0.53,3.13,40.12
0.53,1.50,40.23
0.57,0.29,40.32
0.71,-0.37,40.36
0.70,-1.59,41.62
0.68,-2.81,42.90
0.62,-4.00,44.18
0.73,-4.35,45.35
0.81,-4.78,46.50
0.78,-5.59,47.66
0.78,-6.23,48.98
0.82,-6.79,50.26
0.91,-7.18,51.53
1.00,-7.43,52.80
1.03,-7.79,54.06
1.04,-8.39,55.37
1.01,-9.26,56.69
1.07,-9.76,57.96
1.18,-10.02,59.19
1.20,-10.46,60.45
1.17,-11.07,61.75
1.19,-11.52,63.02
1.27,-11.75,64.27
1.35,-11.85,65.50
1.53,-11.43,66.65
1.75,-10.90,67.79
1.82,-11.01,68.97
1.84,-11.53,70.18
1.89,-12.25,71.38
2.03,-12.81,72.55
2.07,-13.59,73.78
2.10,-14.61,74.98
2.26,-14.91,76.15
2.17,-16.02,77.43
2.07,-17.11,78.69
2.18,-17.55,79.87
2.19,-18.45,81.08
2.05,-19.18,82.44
2.22,-18.71,83.61
2.18,-19.19,84.85
2.31,-19.50,86.09
2.49,-19.85,87.26
2.23,-21.27,88.63
2.31,-23.06,89.85
2.41,-24.25,91.04
2.17,-26.48,92.39
2.08,-28.24,93.65
2.24,-29.71,94.74
2.51,-30.85,95.72
2.54,-31.76,96.81
2.58,-32.68,97.89
2.83,-33.47,98.83
2.65,-35.37,100.01
2.50,-37.22,101.15
2.34,-38.81,102.28
2.24,-39.79,103.30
2.47,-40.45,104.13
2.26,-41.97,105.23
2.14,-43.19,106.24
2.07,-43.70,107.19
2.01,-44.52,108.13
1.94,-45.36,109.05
1.87,-46.11,109.96
1.77,-46.71,110.85
1.73,-47.41,111.71
1.68,-48.05,112.55
1.62,-48.59,113.37
1.60,-49.09,114.15
1.56,-49.48,114.94
1.52,-49.90,115.72
1.49,-50.16,116.47
1.44,-50.27,117.24
1.39,-50.64,117.99
1.36,-51.00,118.71
1.34,-51.26,119.42
1.32,-51.37,120.11
1.31,-51.49,120.79
1.27,-51.64,121.49
1.22,-51.93,122.18
1.20,-52.12,122.83
1.19,-52.16,123.46
1.16,-52.36,124.11
1.16,-52.48,124.73
1.15,-52.62,125.34
1.04,-52.71,126.02
0.85,-52.90,126.74
0.90,-52.83,127.29
0.93,-52.75,127.84
0.93,-52.74,128.41
0.92,-52.69,128.99
0.79,-52.67,129.64
0.68,-52.65,130.27
0.66,-52.64,130.82
0.66,-52.70,131.35
0.70,-52.72,131.85
0.75,-52.65,132.36
0.74,-52.71,132.88
0.76,-52.79,133.39
0.76,-52.87,133.90
0.77,-52.81,134.40
0.78,-52.71,134.89
0.82,-52.69,135.35
0.89,-52.70,135.79
0.86,-52.74,136.29
0.81,-52.92,136.78
0.77,-52.90,137.28
0.76,-52.79,137.75
0.77,-52.71,138.20
0.80,-52.62,138.63
0.80,-52.67,139.08
0.80,-52.59,139.51
0.81,-52.55,139.94
0.84,-52.46,140.35
0.84,-52.43,140.78
0.86,-52.55,141.18
0.88,-52.59,141.58
0.83,-52.65,142.02
0.83,-52.67,142.42
0.83,-52.81,142.82
0.77,-53.15,143.25
0.57,-53.46,143.77
0.41,-54.12,144.24
-0.23,-55.38,145.03
-0.63,-57.18,145.63
-2.29,-59.70,147.26
-4.28,-63.52,149.19
-7.31,-68.72,152.28
-11.52,-71.94,156.43
-25.24,-78.11,169.96
-66.29,-82.85,-149.02
-101.59,-81.95,-113.47
-99.00,-81.42,-115.70
-100.89,-82.43,-114.01
-63.55,-80.86,-151.13
-40.43,-77.08,-173.88
-28.02,-72.39,174.20
-20.96,-67.38,167.93
-17.12,-62.21,165.05
-14.49,-57.13,163.58
-12.59,-52.35,162.97
-10.92,-47.84,162.76
-9.74,-44.19,163.11
-8.63,-41.84,163.21
-7.87,-40.69,163.76
-7.21,-39.97,164.11
-6.65,-38.66,164.59
-6.11,-37.62,165.11
-5.70,-37.00,165.61
-5.30,-36.32,165.78
-4.95,-35.49,165.63
-4.53,-34.19,165.52
-3.99,-31.88,165.63
-3.28,-29.14,165.93
-2.63,-25.93,166.28
-1.98,-22.76,166.41
-1.29,-20.17,166.32
-0.76,-17.31,166.23
-0.21,-14.53,166.28
0.28,-11.30,166.23
0.66,-8.28,166.17
1.00,-5.20,165.17
1.29,-2.13,164.28
1.72,1.25,163.67
2.06,4.91,163.07
2.39,8.50,162.50
2.65,11.99,161.92
2.87,15.36,161.28
3.04,18.60,160.64
3.23,21.64,160.06
3.46,24.34,159.50
3.69,26.67,158.87
3.95,28.72,158.26
4.22,30.54,157.68
4.48,32.26,157.10
4.76,33.88,156.59
5.04,35.41,156.05
5.28,36.76,155.48
5.61,38.00,154.98
5.93,39.36,154.48
6.22,40.73,153.99
6.50,42.06,153.52
6.77,43.35,153.06
6.93,44.65,152.61
7.09,45.77,152.14
7.27,46.83,151.71
7.49,47.85,151.33
7.67,48.79,150.96
7.89,49.64,150.64
8.19,50.43,150.42
8.44,51.25,150.20
8.65,52.01,149.97
8.87,52.68,149.73
9.03,53.21,149.43
9.17,53.81,149.16
9.30,54.55,148.99
9.73,55.74,149.25
10.50,57.38,150.02
11.50,58.97,151.00
12.47,60.59,152.08
13.48,62.40,153.32
14.55,64.70,154.84
16.41,67.07,157.16
18.02,68.81,159.19
19.82,70.26,161.16
21.88,71.92,163.45
25.80,74.51,167.72
32.07,77.19,174.65
24.97,72.46,167.74
17.55,68.04,160.51
14.44,62.77,157.30
12.32,57.70,155.01
10.83,52.87,153.21
9.44,48.39,151.44
8.25,44.22,149.78
7.30,40.24,148.44
6.50,36.55,147.15
5.82,33.14,145.93
5.25,29.98,144.77
4.74,27.12,143.62
4.28,24.51,142.48
3.89,22.12,141.40
3.56,19.93,140.30
3.26,17.97,139.20
2.99,16.20,138.09
2.78,14.62,136.98
2.58,13.17,135.86
2.38,11.86,134.72
2.20,10.69,133.56
2.03,9.65,132.39
1.88,8.70,131.21
1.75,7.87,130.02
1.62,7.11,128.81
1.54,6.41,127.58
1.44,5.79,126.34
1.35,5.27,125.08
1.27,4.74,123.82
1.18,4.30,122.54
1.11,3.92,121.26
1.06,3.54,119.97
1.00,3.23,118.66
0.95,2.92,117.34
0.93,2.64,116.02
0.90,2.42,114.69
0.87,2.20,113.36
0.82,2.02,112.01
0.79,1.86,110.66
0.77,1.73,109.31
0.76,1.59,107.95
0.73,1.48,106.59
0.72,1.38,105.23
0.69,1.26,103.87
0.66,1.18,102.51
0.64,1.10,101.16
0.61,1.00,99.80
0.58,0.95,98.45
0.58,0.90,97.10
0.56,0.85,95.76
0.54,0.79,94.42
0.52,0.79,93.08
0.51,0.75,91.76
0.49,0.73,90.45
0.49,0.71,89.29
0.25,0.50,88.19
0.33,0.50,87.26
0.06,0.36,86.46
-0.29,0.26,85.61
-0.16,-0.34,84.40
1.19,0.64,82.97
1.14,0.63,81.45
1.11,0.59,79.96
0.90,0.55,78.52
0.70,0.51,77.22
0.64,0.51,76.00
0.63,0.50,74.80
0.62,0.47,73.66
0.57,0.47,72.55
0.55,0.44,71.45
0.52,0.47,70.36
0.50,0.45,69.29
-0.65,1.06,69.03
0.36,0.23,68.26
0.18,0.32,67.61
-0.33,0.35,66.62
-0.75,0.44,65.41
-1.29,0.76,64.44
-3.03,1.06,63.80
-5.56,1.06,63.19
-8.27,0.84,62.58
-11.11,0.36,61.91
-13.86,0.03,61.18
-16.31,0.28,60.36
-17.62,1.01,59.38
-19.16,1.40,58.33
-21.12,1.83,57.13
-23.69,2.00,56.01
-26.02,1.10,55.46
-27.51,0.98,54.22
-28.67,1.35,52.79
-30.07,0.96,51.77
-31.15,0.28,50.93
-31.92,-0.15,49.96
-32.90,-0.36,48.97
-34.09,-0.80,47.96
-34.84,-1.09,46.86
-35.36,-1.26,45.74
-35.98,-1.48,44.70
-36.80,-1.82,43.68
-37.43,-1.79,42.62
-37.94,-1.59,41.41
-38.33,-1.54,40.06
-38.54,-1.58,38.71
-38.75,-1.72,37.47
-38.82,-1.80,36.25
-38.99,-1.87,35.11
-39.16,-2.10,33.99
-38.68,-2.01,32.77
-38.28,-1.96,31.51
-37.60,-2.13,30.30
-36.73,-2.21,29.10
-35.43,-2.25,27.77
-33.68,-2.27,26.25
-31.73,-2.38,24.62
-29.50,-2.80,22.75
-26.82,-3.19,20.81
-23.87,-3.22,19.32
-20.86,-2.98,18.19
-17.28,-2.29,17.19
-13.17,-1.66,15.93
-8.59,-1.66,14.31
-4.04,-1.69,12.62
0.37,-1.50,11.00
1.65,-0.74,8.23
-0.08,-0.86,5.88
-1.51,-1.55,4.59
-1.71,-2.16,5.05
-1.60,-2.50,5.82
-0.92,-2.12,6.38
-0.29,-1.05,6.01
-0.31,-0.70,5.54
-0.27,-0.20,5.02
-0.33,-0.97,5.95
0.85,-1.02,6.53
2.47,-0.04,6.60
3.76,-0.63,6.85
5.37,-0.37,7.22
7.61,0.69,7.41
10.26,1.66,8.34
12.72,2.79,9.15
15.03,3.59,10.12
17.21,3.91,11.26
19.28,3.73,12.54
20.79,3.53,13.48
21.77,2.71,14.66
22.63,1.67,15.74
23.42,0.56,16.86
24.24,-0.51,17.97
24.91,-1.89,18.88
25.36,-3.30,19.80
26.05,-4.07,20.91
26.83,-4.53,21.95
27.49,-5.08,23.06
27.82,-5.37,24.21
28.14,-5.31,25.38
28.70,-5.18,26.56
29.22,-5.19,27.73
29.74,-5.29,28.92
29.97,-5.05,30.12
30.35,-4.65,31.32
30.57,-4.29,32.50
30.75,-4.02,33.66
30.85,-3.89,34.80
30.89,-3.47,35.91
30.83,-3.02,37.00
30.87,-2.55,38.13
30.97,-2.23,39.25
30.95,-2.19,40.30
30.90,-2.69,41.37
30.53,-3.62,42.48
29.69,-4.36,43.61
28.81,-4.13,44.75
27.30,-3.62,45.95
26.11,-3.01,47.30
24.06,-2.40,48.78
21.31,-1.62,50.44
17.84,-1.37,52.33
13.56,-1.20,54.45
8.19,-0.89,56.70
2.40,-0.34,58.59
0.85,-0.36,59.76
0.48,-0.44,60.52
0.69,-0.31,61.14
0.94,-0.12,61.38
1.05,0.37,60.94
1.04,0.18,60.76
1.32,0.16,59.28
1.10,0.28,57.90
0.68,0.18,56.76
0.38,0.13,55.93
0.35,0.13,55.15
0.37,0.14,54.39
0.35,0.17,53.59
0.37,0.19,52.81
0.39,0.20,52.04
0.39,0.20,51.29
0.33,0.21,50.55
0.30,0.23,49.83
0.33,0.26,49.09
0.31,0.28,48.37
0.29,0.28,47.67
0.29,0.29,46.98
0.29,0.31,46.31
0.31,0.32,45.65
0.29,0.34,44.99
0.30,0.32,44.35
0.29,0.31,43.72
0.29,0.32,43.11
0.29,0.30,42.51
0.31,0.27,41.91
0.30,0.29,41.36
0.30,0.35,40.82
0.29,0.36,40.29
0.29,0.33,39.77
0.31,0.29,39.26
0.37,0.28,38.76
0.38,0.32,38.27
0.40,0.33,37.79
0.35,0.31,37.32
0.30,0.33,36.85
0.33,0.34,36.40
0.37,0.39,35.97
0.41,0.45,35.55
0.46,0.43,35.14
0.33,0.34,34.72
0.29,0.28,34.31
0.33,0.27,33.90
0.37,0.29,33.42
0.36,0.30,32.98
0.31,0.26,32.62
0.29,0.23,32.28
0.31,0.25,31.94
0.33,0.24,31.62
0.36,0.23,31.29
0.36,0.23,30.99
0.33,0.23,30.69
0.34,0.22,30.40
0.34,0.22,30.11
0.36,0.22,29.83
0.35,0.26,29.56
0.35,0.25,29.29
0.36,0.23,29.02
0.37,0.24,28.75
0.36,0.28,28.47
0.33,0.25,28.09
0.38,0.20,27.66
0.32,0.28,27.38
0.34,0.27,27.16
0.32,0.28,26.95
0.31,0.29,26.74
0.33,0.28,26.54
0.33,0.29,26.34
0.30,0.30,26.14
0.30,0.29,25.95
0.29,0.29,25.76
0.31,0.31,25.58
0.32,0.31,25.40
0.34,0.30,25.22
0.36,0.29,25.03
0.34,0.29,24.85
0.36,0.28,24.67
0.36,0.29,24.50
0.35,0.28,24.33
0.34,0.29,24.16
0.34,0.26,24.03
0.31,0.28,23.90
0.30,0.29,23.77
0.29,0.28,23.65
0.27,0.28,23.53
0.29,0.29,23.41
0.30,0.28,23.27
0.30,0.27,23.14
0.32,0.31,23.01
0.34,0.30,22.87
0.33,0.29,22.75
0.36,0.28,22.62
0.37,0.28,22.51
0.37,0.27,22.40
0.37,0.28,22.29
0.38,0.27,22.19
0.40,0.28,22.08
0.41,0.28,21.98
0.40,0.29,21.90
0.39,0.31,21.82
0.40,0.32,21.74
0.39,0.33,21.67
0.39,0.34,21.60
0.35,0.36,21.52
0.35,0.34,21.44
0.34,0.33,21.36
0.33,0.35,21.28
0.32,0.35,21.20
0.31,0.39,21.13
0.31,0.42,21.05
0.30,0.42,20.99
0.31,0.42,20.92
0.31,0.38,20.85
0.29,0.36,20.79
0.29,0.39,20.73
0.30,0.38,20.66
0.32,0.36,20.60
0.32,0.34,20.54
0.31,0.35,20.48
0.31,0.31,20.42
0.33,0.27,20.37
0.32,0.26,20.31
0.34,0.25,20.26
0.30,0.25,20.21
0.28,0.24,20.17
0.29,0.21,20.12
0.32,0.18,20.07
0.31,0.18,20.03
0.30,0.23,19.98
0.28,0.26,19.94
0.22,0.27,19.89
0.21,0.29,19.84
0.23,0.27,19.80
0.29,0.29,19.75
0.38,0.33,19.69
0.46,0.36,19.63
0.48,0.37,19.58
0.44,0.37,19.52
0.32,0.33,19.46
0.21,0.29,19.40
0.19,0.29,19.34
0.23,0.32,19.28
0.33,0.35,19.23
0.42,0.36,19.17
0.44,0.36,19.12
0.38,0.35,19.07
0.21,0.28,19.02
0.20,0.29,18.98
0.25,0.32,18.95
0.33,0.38,18.91
0.37,0.38,18.88
0.37,0.33,18.84
0.27,0.29,18.82
0.27,0.31,18.81
0.30,0.32,18.79
0.34,0.31,18.77
0.35,0.29,18.76
0.34,0.28,18.74
0.29,0.25,18.71
0.26,0.24,18.68
0.26,0.21,18.64
0.29,0.23,18.61
0.31,0.23,18.58
0.33,0.29,18.55
0.35,0.34,18.53
0.38,0.35,18.51
0.37,0.35,18.49
0.36,0.31,18.47
0.35,0.27,18.45
0.34,0.29,18.43
0.36,0.32,18.41
0.35,0.36,18.40
0.35,0.36,18.39
0.34,0.36,18.37
0.37,0.36,18.36
0.38,0.34,18.34
0.36,0.33,18.33
0.38,0.32,18.32
0.37,0.33,18.31
0.36,0.32,18.30
0.35,0.32,18.29
0.35,0.32,18.28
0.36,0.33,18.28
0.35,0.34,18.27
0.37,0.34,18.26
0.36,0.32,18.25
0.35,0.33,18.25
0.35,0.33,18.24
0.35,0.31,18.23
0.36,0.33,18.21
0.35,0.32,18.20
0.33,0.33,18.19
0.32,0.33,18.18
0.34,0.34,18.16
0.37,0.32,18.14
0.35,0.31,18.13
0.35,0.34,18.11
0.34,0.34,18.10
0.33,0.35,18.08
0.32,0.30,18.07
0.31,0.26,18.07
0.29,0.25,18.07
0.28,0.29,18.06
0.28,0.30,18.07
0.30,0.32,18.06
0.32,0.30,18.06
0.31,0.29,18.06
0.31,0.30,18.06
0.29,0.32,18.06
0.29,0.33,18.05
0.29,0.31,18.05
0.28,0.30,18.05
0.27,0.28,18.04
0.27,0.29,18.02
0.27,0.28,18.01
0.28,0.29,17.99
0.30,0.29,17.98
0.29,0.28,17.96
0.31,0.27,17.94
0.30,0.28,17.93
0.30,0.29,17.92
0.32,0.28,17.91
0.37,0.29,17.90
0.36,0.28,17.89
0.34,0.27,17.89
0.33,0.29,17.90
0.31,0.30,17.91
0.30,0.29,17.92
0.29,0.30,17.93
0.29,0.31,17.94
0.29,0.29,17.93
0.29,0.31,17.91
0.29,0.30,17.90
0.28,0.31,17.88
0.31,0.29,17.87
0.31,0.29,17.85
0.30,0.28,17.87
0.29,0.27,17.89
0.31,0.29,17.90
0.31,0.27,17.92
0.30,0.26,17.94
0.30,0.27,17.95
0.27,0.26,17.95
0.26,0.25,17.94
0.26,0.28,17.93
0.26,0.29,17.92
0.26,0.31,17.91
0.25,0.32,17.90
0.25,0.31,17.89
0.25,0.32,17.87
0.24,0.34,17.86
0.24,0.33,17.85
0.25,0.32,17.83
0.23,0.33,17.82
0.22,0.31,17.81
0.22,0.32,17.80
0.23,0.30,17.78
0.24,0.29,17.77
0.23,0.30,17.76
0.25,0.33,17.75
0.25,0.33,17.75
0.25,0.32,17.74
0.24,0.32,17.74
0.24,0.33,17.73
0.24,0.35,17.73
0.26,0.37,17.72
0.27,0.36,17.70
0.29,0.36,17.68
0.28,0.37,17.66
0.28,0.37,17.64
0.30,0.35,17.63
0.29,0.34,17.61
0.29,0.32,17.60
0.28,0.33,17.59
0.28,0.34,17.58
0.27,0.34,17.57
0.27,0.30,17.56
0.26,0.31,17.55
0.24,0.29,17.55
0.26,0.28,17.56
0.25,0.27,17.56
0.27,0.28,17.57
0.27,0.27,17.57
0.26,0.28,17.57
0.27,0.30,17.56
0.27,0.31,17.55
0.27,0.27,17.54
0.28,0.26,17.53
0.27,0.27,17.53
0.29,0.30,17.52
0.27,0.28,17.53
0.28,0.30,17.55
0.30,0.28,17.56
0.29,0.30,17.58
0.26,0.28,17.60
0.27,0.29,17.61
0.27,0.28,17.62
0.25,0.29,17.63
0.25,0.30,17.65
0.26,0.30,17.66
0.25,0.29,17.66
0.25,0.28,17.68
0.26,0.26,17.66
0.27,0.26,17.64
0.29,0.25,17.62
0.29,0.24,17.60
0.29,0.26,17.58
0.31,0.27,17.57
0.30,0.28,17.58
0.32,0.25,17.58
0.31,0.27,17.58
0.30,0.26,17.58
0.30,0.29,17.58
0.27,0.27,17.59
0.26,0.26,17.58
0.28,0.27,17.58
0.28,0.28,17.58
0.27,0.30,17.57
0.26,0.30,17.57
0.26,0.31,17.57
0.26,0.28,17.56
0.26,0.27,17.55
0.27,0.29,17.54
0.30,0.28,17.53
0.29,0.28,17.53
0.31,0.30,17.52
0.29,0.31,17.52
0.29,0.31,17.52
0.31,0.32,17.52
0.30,0.32,17.52
0.30,0.32,17.53
0.29,0.31,17.53
0.29,0.34,17.52
0.26,0.32,17.52
0.26,0.32,17.52
0.28,0.30,17.52
0.28,0.31,17.52
0.27,0.30,17.52
0.27,0.28,17.51
0.29,0.30,17.51
0.28,0.28,17.51
0.30,0.27,17.51
0.26,0.26,17.51
0.26,0.24,17.51
0.26,0.25,17.52
0.25,0.24,17.52
0.25,0.23,17.52
0.25,0.22,17.52
0.25,0.22,17.52
0.24,0.24,17.52
0.25,0.25,17.54
0.27,0.24,17.55
0.26,0.23,17.57
0.28,0.24,17.58
0.30,0.23,17.60
0.28,0.22,17.61
0.30,0.23,17.60
0.29,0.25,17.60
0.31,0.26,17.59
0.30,0.26,17.59
0.29,0.27,17.58
0.28,0.26,17.58
0.27,0.27,17.59
0.30,0.26,17.61
0.28,0.25,17.62
0.27,0.26,17.64
0.27,0.27,17.65
0.27,0.26,17.67
0.29,0.27,17.65
0.32,0.25,17.64
0.31,0.26,17.63
0.31,0.25,17.62
0.30,0.26,17.61
0.29,0.27,17.60
0.29,0.28,17.59
0.29,0.26,17.58
0.29,0.25,17.58
0.27,0.23,17.57
0.30,0.25,17.56
0.29,0.24,17.56
0.27,0.25,17.56
0.27,0.26,17.57
0.28,0.27,17.57
0.29,0.25,17.58
0.29,0.26,17.58
0.31,0.25,17.59
0.30,0.24,17.58
0.30,0.22,17.58
0.31,0.24,17.58
0.29,0.22,17.58
0.28,0.24,17.58
0.28,0.28,17.58
0.27,0.31,17.58
0.26,0.30,17.59
0.26,0.29,17.60
0.25,0.28,17.60
0.25,0.29,17.60
0.25,0.28,17.60
0.26,0.27,17.61
0.26,0.28,17.61
0.26,0.24,17.60
0.24,0.28,17.61
0.24,0.31,17.60
0.22,0.32,17.60
0.22,0.35,17.59
0.22,0.35,17.59
0.22,0.35,17.58
0.22,0.35,17.58
0.22,0.33,17.57
0.21,0.33,17.56
0.23,0.32,17.55
0.23,0.29,17.53
0.23,0.30,17.52
0.24,0.31,17.50
0.25,0.29,17.49
0.25,0.30,17.47
0.26,0.30,17.47
0.26,0.28,17.48
0.27,0.27,17.48
0.26,0.28,17.48
0.28,0.28,17.48
0.27,0.30,17.48
0.27,0.31,17.49
0.26,0.31,17.49
0.28,0.31,17.49
0.27,0.32,17.50
0.28,0.30,17.50
0.26,0.29,17.51
0.25,0.29,17.51
0.27,0.27,17.51
0.26,0.25,17.50
0.28,0.24,17.50
0.27,0.23,17.50
0.27,0.21,17.50
0.24,0.21,17.51
0.26,0.20,17.53
0.25,0.19,17.54
0.24,0.21,17.55
0.26,0.22,17.56
0.28,0.22,17.57
0.27,0.20,17.58
0.26,0.22,17.58
0.27,0.24,17.58
0.28,0.25,17.58
0.27,0.24,17.58
0.27,0.25,17.58
0.27,0.26,17.58
0.27,0.24,17.58
0.26,0.25,17.59
0.28,0.26,17.59
0.27,0.27,17.59
0.26,0.26,17.59
0.25,0.28,17.60
0.25,0.28,17.60
0.25,0.28,17.60
0.27,0.29,17.61
0.25,0.27,17.62
0.25,0.25,17.62
0.25,0.26,17.61
0.25,0.24,17.60
0.27,0.25,17.59
0.26,0.26,17.58
0.22,0.25,17.57
0.19,0.24,17.56
0.19,0.23,17.54
0.19,0.21,17.53
0.20,0.20,17.52
0.20,0.19,17.51
0.20,0.18,17.50
0.20,0.20,17.49
0.20,0.19,17.48
0.19,0.22,17.47
0.18,0.23,17.46
0.17,0.25,17.45
0.17,0.26,17.44
0.17,0.27,17.44
0.17,0.26,17.42
0.18,0.24,17.41
0.20,0.25,17.39
0.19,0.26,17.38
0.17,0.26,17.37
0.17,0.28,17.35
0.17,0.28,17.34
0.18,0.26,17.33
0.17,0.26,17.32
0.18,0.27,17.32
0.19,0.28,17.30
0.19,0.29,17.30
0.18,0.28,17.31
0.21,0.29,17.32
0.20,0.30,17.34
0.23,0.30,17.35
0.23,0.30,17.36
0.21,0.28,17.37
0.20,0.27,17.35
0.20,0.27,17.33
0.22,0.26,17.31
0.22,0.24,17.29
0.22,0.23,17.27
0.24,0.25,17.25
0.24,0.25,17.24
0.25,0.24,17.22
0.25,0.23,17.20
0.25,0.21,17.19
0.27,0.23,17.18
0.28,0.24,17.16
0.28,0.26,17.18
0.30,0.25,17.19
0.31,0.24,17.21
0.30,0.25,17.23
0.28,0.25,17.25
0.30,0.26,17.26
0.29,0.27,17.27
0.27,0.29,17.28
0.26,0.25,17.29
0.24,0.24,17.30
0.21,0.23,17.30
0.22,0.24,17.31
0.21,0.23,17.32
0.21,0.24,17.33
0.21,0.23,17.34
0.18,0.22,17.34
0.20,0.22,17.35
0.23,0.23,17.36
0.23,0.22,17.37
0.22,0.20,17.37
0.22,0.19,17.38
0.24,0.19,17.38
0.25,0.20,17.39
0.25,0.20,17.39
0.27,0.21,17.38
0.28,0.20,17.37
0.27,0.20,17.36
0.28,0.21,17.35
0.28,0.23,17.34
0.27,0.21,17.33
0.23,0.23,17.34
0.23,0.22,17.35
0.24,0.22,17.36
0.23,0.23,17.37
0.25,0.22,17.37
0.24,0.21,17.38
0.26,0.20,17.39
0.25,0.20,17.40
0.27,0.21,17.41
0.27,0.19,17.42
0.26,0.18,17.43
0.24,0.16,17.44
0.24,0.15,17.45
0.23,0.17,17.46
0.24,0.17,17.47
0.26,0.18,17.48
0.25,0.21,17.49
0.24,0.22,17.50
0.24,0.24,17.51
0.24,0.23,17.51
0.22,0.22,17.51
0.21,0.23,17.51
0.20,0.21,17.51
0.20,0.23,17.51
0.20,0.22,17.51
0.19,0.23,17.51
0.19,0.25,17.51
0.19,0.21,17.51
0.19,0.21,17.51
0.22,0.17,17.51
0.24,0.14,17.50
0.23,0.16,17.49
0.22,0.16,17.48
0.23,0.18,17.48
0.22,0.19,17.47
0.21,0.18,17.46
0.23,0.20,17.45
0.22,0.21,17.45
0.24,0.20,17.45
0.23,0.19,17.44
0.21,0.19,17.44
0.21,0.18,17.43
0.19,0.17,17.45
0.19,0.17,17.46
0.21,0.16,17.47
0.21,0.18,17.48
0.20,0.19,17.49
0.19,0.21,17.50
0.19,0.20,17.47
0.18,0.19,17.45
0.18,0.21,17.43
0.18,0