0.00,0.00,-0.00
-0.00,0.02,-0.00
0.02,0.05,-0.00
0.04,0.04,-0.00
0.06,0.04,0.00
0.09,0.03,0.00
0.10,0.03,-0.31
0.12,0.03,-0.61
0.11,0.04,-0.91
0.12,0.04,-1.20
0.11,0.04,-1.49
0.12,0.03,-1.77
0.13,0.05,-2.03
0.12,0.06,-2.29
0.13,0.05,-2.54
0.12,0.07,-2.78
0.13,0.09,-3.02
0.15,0.08,-3.25
0.13,0.09,-3.48
0.14,0.10,-3.70
0.15,0.12,-3.91
0.16,0.13,-4.11
0.17,0.11,-4.31
0.16,0.12,-4.51
0.16,0.13,-4.70
0.17,0.12,-4.88
0.16,0.11,-5.06
0.17,0.12,-5.23
0.15,0.11,-5.41
0.16,0.12,-5.58
0.15,0.11,-5.74
0.14,0.09,-5.89
0.13,0.10,-6.04
0.11,0.11,-6.19
0.10,0.12,-6.34
0.12,0.11,-6.48
0.12,0.10,-6.63
0.14,0.11,-6.77
0.15,0.14,-6.91
0.16,0.15,-7.05
0.18,0.14,-7.19
0.18,0.17,-7.32
0.17,0.20,-7.43
0.15,0.17,-7.54
0.16,0.15,-7.66
0.13,0.14,-7.76
0.14,0.11,-7.87
0.15,0.12,-7.97
0.15,0.11,-8.08
0.15,0.10,-8.19
0.17,0.11,-8.29
0.15,0.08,-8.38
0.14,0.12,-8.48
0.15,0.12,-8.57
0.17,0.13,-8.68
0.17,0.12,-8.79
0.15,0.13,-8.89
0.17,0.14,-8.99
0.18,0.14,-9.09
0.17,0.13,-9.18
0.16,0.14,-9.27
0.14,0.15,-9.35
0.12,0.15,-9.44
0.14,0.14,-9.52
0.12,0.15,-9.60
0.12,0.15,-9.68
0.12,0.15,-9.74
0.13,0.16,-9.80
0.11,0.15,-9.86
0.11,0.15,-9.92
0.12,0.16,-9.98
0.12,0.14,-10.03
0.13,0.12,-10.09
0.11,0.13,-10.16
0.12,0.12,-10.22
0.14,0.13,-10.28
0.12,0.12,-10.34
0.17,0.13,-10.40
0.17,0.12,-10.45
0.16,0.12,-10.50
0.16,0.11,-10.54
0.15,0.09,-10.59
0.13,0.11,-10.63
0.14,0.12,-10.67
0.14,0.13,-10.71
0.13,0.11,-10.75
0.11,0.10,-10.79
0.12,0.11,-10.83
0.11,0.08,-10.86
0.13,0.09,-10.90
0.11,0.11,-10.94
0.10,0.15,-10.99
0.09,0.13,-11.03
0.10,0.12,-11.08
0.11,0.15,-11.12
0.10,0.18,-11.16
0.10,0.18,-11.20
0.12,0.18,-11.24
0.14,0.18,-11.27
0.16,0.16,-11.30
0.17,0.14,-11.34
0.15,0.13,-11.37
0.14,0.13,-11.39
0.15,0.14,-11.40
0.13,0.14,-11.41
0.15,0.16,-11.41
0.13,0.17,-11.42
0.12,0.15,-11.43
0.13,0.15,-11.45
0.13,0.17,-11.46
0.13,0.15,-11.48
0.12,0.15,-11.49
0.13,0.18,-11.50
0.14,0.17,-11.52
0.13,0.17,-11.55
0.13,0.18,-11.58
0.12,0.18,-11.61
0.11,0.18,-11.64
0.13,0.12,-11.67
0.15,0.11,-11.75
1.15,1.38,-12.72
0.62,0.54,-13.89
0.51,0.17,-15.00
0.62,0.02,-15.98
0.58,0.01,-16.92
1.09,-0.77,-18.23
0.94,-0.90,-19.44
0.58,-0.60,-20.52
-0.51,0.63,-20.63
-0.43,0.70,-20.67
-0.39,0.59,-20.69
-0.33,0.43,-20.82
-0.30,0.33,-21.20
-0.29,0.35,-21.56
-0.28,0.45,-21.81
-0.22,0.45,-22.01
-0.24,0.44,-22.18
-0.15,0.42,-22.46
-0.11,0.31,-22.80
-0.10,0.27,-23.09
-0.13,0.24,-23.21
-0.31,0.23,-23.64
-0.17,0.19,-24.20
-0.19,0.17,-24.96
-0.16,0.09,-25.80
-0.35,0.05,-26.42
-0.55,0.05,-26.90
-0.54,0.02,-27.88
-0.37,0.09,-28.56
-0.49,0.22,-29.36
-0.45,0.25,-30.09
-0.43,0.26,-30.71
-0.44,0.15,-31.25
-0.48,0.02,-31.85
-0.44,0.07,-32.36
-0.37,0.09,-32.91
-0.37,0.20,-33.66
-0.45,0.21,-34.57
-0.69,0.18,-35.56
-0.65,0.31,-36.69
-0.76,0.43,-37.53
-1.06,0.01,-38.20
-1.14,-0.29,-38.64
-1.14,-0.36,-38.97
-1.14,-0.30,-39.17
-1.12,-0.31,-39.23
-1.09,-0.32,-39.11
-1.10,-0.27,-38.66
-1.04,-0.20,-38.11
-0.97,-0.15,-37.43
-0.84,-0.14,-36.77
-0.74,-0.16,-36.08
-0.70,-0.20,-34.97
-0.56,-0.17,-33.82
-0.51,-0.17,-32.51
-0.45,-0.14,-31.25
-0.35,-0.14,-30.02
-0.24,-0.15,-28.81
-0.12,-0.22,-27.51
-0.09,-0.26,-26.04
-0.05,-0.27,-24.24
0.01,-0.37,-22.17
0.08,-0.39,-19.57
0.08,-0.31,-16.98
0.17,-0.18,-14.54
0.22,0.03,-12.19
0.22,0.11,-9.79
0.38,0.14,-7.52
0.54,0.15,-5.49
0.70,0.26,-3.98
0.86,0.23,-3.07
0.95,0.10,-2.11
0.85,0.10,-0.32
0.79,0.03,1.99
0.87,-0.06,4.18
0.87,-0.04,6.30
0.80,0.12,8.14
0.92,0.24,9.71
0.61,0.27,11.30
0.53,0.17,12.71
0.86,0.10,13.99
1.09,0.03,14.80
1.30,0.10,15.69
0.93,0.08,16.69
1.22,0.03,17.46
1.17,0.02,18.26
0.91,0.05,19.03
1.19,0.15,19.70
1.31,0.08,20.30
1.31,-0.03,20.80
1.23,-0.02,21.34
0.99,0.02,22.12
0.79,0.01,22.84
1.00,-0.09,23.56
1.19,-0.07,23.96
1.27,0.02,24.28
1.12,0.10,24.60
1.13,0.06,24.87
1.11,0.05,25.08
1.07,0.01,25.16
1.09,0.12,25.11
1.16,0.14,24.94
1.15,0.13,24.56
1.11,0.11,24.09
1.14,0.10,23.45
1.16,0.14,22.79
1.06,0.15,22.08
1.22,0.21,20.87
1.55,0.26,18.99
1.92,0.29,16.24
2.22,0.39,12.61
1.70,0.47,8.77
0.69,0.59,5.55
-0.19,0.53,2.74
-0.71,0.52,0.75
-1.05,0.43,-0.80
-0.94,0.17,-2.44
-0.96,-0.02,-3.92
-1.07,-0.09,-5.01
-1.06,-0.20,-5.87
-0.93,-0.13,-6.98
-0.87,-0.07,-7.92
-0.98,0.19,-8.45
-1.04,0.35,-8.73
-1.03,0.43,-8.82
-0.94,0.45,-8.87
-0.84,0.40,-8.86
-0.72,0.34,-8.84
-0.65,0.33,-8.83
-0.58,0.32,-8.81
-0.54,0.28,-8.79
-0.46,0.26,-8.78
-0.38,0.25,-8.70
-0.34,0.23,-8.63
-0.28,0.21,-8.55
-0.25,0.21,-8.46
-0.18,0.20,-7.94
-0.92,0.20,-6.90
-0.62,0.13,-6.03
-0.40,0.13,-5.07
-0.31,0.15,-4.05
-0.24,0.19,-3.11
0.09,0.21,-2.41
0.33,0.28,-2.02
0.50,0.26,-1.81
0.56,0.18,-1.74
0.54,0.14,-1.66
0.48,0.12,-1.53
0.43,0.07,-1.37
0.51,0.11,-1.35
0.48,0.12,-1.35
0.43,0.10,-1.34
0.42,0.14,-1.34
0.37,0.15,-1.35
0.36,0.16,-1.39
0.37,0.17,-1.48
0.33,0.13,-1.53
0.30,0.14,-1.64
0.31,0.15,-1.92
0.27,-0.02,-2.27
0.19,0.03,-2.62
0.08,0.10,-2.84
-0.02,0.09,-2.85
0.15,0.13,-2.79
0.33,0.14,-2.84
0.34,0.12,-2.88
0.52,0.10,-2.83
0.96,0.29,-2.86
1.80,0.68,-3.03
2.62,0.56,-3.27
3.87,0.62,-3.69
4.86,0.71,-4.12
5.67,0.42,-4.43
6.55,0.08,-4.60
7.37,-0.06,-4.37
7.85,-0.20,-4.13
8.72,0.18,-3.99
9.79,1.00,-4.08
10.56,1.74,-4.22
11.49,2.02,-4.38
12.52,2.22,-4.66
13.63,2.73,-4.89
14.54,2.96,-5.11
15.11,2.96,-5.30
15.72,2.63,-5.43
16.58,2.03,-5.45
17.43,1.67,-5.81
18.07,1.36,-6.03
18.78,0.86,-6.14
19.57,0.60,-6.21
20.30,0.68,-6.27
20.80,0.73,-6.34
21.18,0.66,-5.35
21.84,0.97,-4.46
22.27,1.10,-3.67
22.65,0.93,-2.88
22.94,0.36,-1.98
23.25,-0.27,-1.07
23.44,-0.99,0.26
23.54,-1.95,1.54
23.71,-3.13,2.89
23.91,-4.32,4.29
23.88,-5.51,5.67
23.77,-6.61,7.00
23.62,-7.59,7.09
23.36,-8.62,7.17
23.06,-9.66,7.31
22.77,-10.30,7.42
22.29,-10.85,7.48
21.64,-11.55,7.52
20.76,-12.44,7.64
19.57,-13.65,7.68
18.15,-14.80,7.74
16.67,-15.46,7.99
15.17,-15.28,8.42
13.36,-14.91,9.10
11.85,-14.48,9.28
10.52,-13.63,9.43
9.42,-12.41,9.44
8.15,-11.13,9.46
5.44,-10.73,9.74
1.22,-9.61,9.91
0.84,-9.60,8.83
1.10,-8.68,7.43
0.88,-7.90,6.10
0.71,-7.10,4.94
0.60,-6.41,3.86
0.48,-5.82,2.90
0.44,-5.26,2.15
0.44,-4.78,1.45
0.38,-4.29,0.76
0.28,-3.80,0.00
0.20,-3.37,-0.89
0.17,-3.03,-1.70
0.16,-2.70,-2.08
0.13,-2.40,-2.46
0.13,-2.13,-2.85
0.14,-1.92,-3.24
0.15,-1.68,-3.71
0.14,-1.49,-4.24
0.10,-1.29,-4.71
0.09,-1.07,-5.31
0.09,-0.89,-5.94
0.08,-0.80,-6.50
0.07,-0.80,-6.75
0.08,-0.69,-6.95
0.07,-0.62,-7.11
0.08,-0.53,-7.26
0.05,-0.47,-7.41
0.07,-0.40,-7.61
0.14,-0.32,-7.82
0.14,-0.30,-8.06
0.46,-0.27,-8.47
0.18,-0.18,-8.58
0.05,0.45,-8.69
0.08,2.48,-9.33
0.54,4.25,-9.89
0.20,5.25,-10.42
0.25,7.15,-10.63
0.03,7.50,-10.55
-0.07,7.25,-10.44
0.06,7.06,-10.46
0.29,7.15,-10.64
0.45,7.54,-10.91
0.79,8.52,-12.42
0.91,9.72,-13.99
0.99,9.84,-15.48
1.12,9.05,-16.85
1.12,7.24,-18.02
1.16,4.68,-19.03
1.10,1.76,-19.91
1.07,-0.40,-20.75
1.07,-2.99,-21.58
1.08,-5.06,-22.41
1.09,-6.51,-23.25
1.18,-6.92,-24.14
1.23,-7.82,-25.14
1.28,-8.78,-26.08
1.45,-10.53,-27.05
1.43,-13.19,-28.00
1.40,-15.35,-28.94
1.36,-17.03,-29.88
1.33,-18.76,-30.74
1.26,-20.28,-31.59
1.15,-21.65,-32.39
1.00,-23.16,-33.16
0.88,-23.80,-33.93
0.78,-24.74,-34.73
0.80,-25.77,-35.61
0.82,-26.98,-36.51
0.83,-27.93,-37.40
0.80,-29.02,-38.28
0.74,-29.91,-39.13
0.74,-30.76,-40.04
0.77,-31.99,-40.96
0.78,-33.42,-41.88
0.75,-35.19,-42.78
0.78,-37.48,-43.74
0.73,-39.79,-44.64
0.52,-42.49,-45.42
-0.40,-46.24,-45.54
-1.83,-51.19,-45.07
-3.95,-56.32,-43.80
-7.74,-62.59,-40.63
-13.46,-65.15,-35.22
-14.61,-66.42,-34.05
-12.73,-66.69,-36.64
-10.67,-61.73,-39.24
-8.36,-56.77,-42.10
-6.52,-52.02,-44.57
-5.16,-47.54,-46.69
-4.23,-43.28,-48.41
-3.74,-39.36,-49.66
-3.47,-35.69,-50.76
-3.11,-32.29,-51.95
-2.79,-29.21,-53.14
-2.54,-26.38,-54.35
-2.29,-23.77,-55.58
-2.07,-21.39,-56.85
-1.89,-19.25,-58.13
-1.73,-17.33,-59.42
-1.56,-15.57,-60.73
-1.44,-13.99,-62.05
-1.32,-12.59,-63.37
-1.20,-11.31,-64.71
-1.10,-10.15,-66.04
-0.98,-9.09,-67.36
-0.87,-8.17,-68.68
-0.82,-7.31,-69.99
-0.74,-6.55,-71.49
-0.60,-5.89,-71.70
-0.53,-5.28,-71.72
-0.48,-4.72,-71.66
-0.45,-4.17,-71.58
-0.37,-3.74,-71.52
-0.30,-3.31,-71.45
-0.24,-2.95,-70.55
-0.08,-2.73,-70.00
-0.11,-2.36,-69.93
-0.14,-2.10,-69.74
-0.15,-1.86,-69.39
-0.14,-1.64,-68.96
-0.15,-1.45,-68.37
-0.16,-1.25,-67.90
-0.16,-1.10,-67.25
-0.13,-1.00,-66.54
-0.09,-0.83,-66.04
-0.04,-0.75,-65.67
-0.05,-0.67,-65.18
-0.08,-0.56,-64.67
-0.01,-0.49,-64.77
0.15,-0.48,-65.31
0.09,-0.28,-66.11
0.14,-0.00,-67.13
-0.07,0.21,-68.02
-0.16,0.03,-68.55
-0.26,-0.16,-68.71
-0.29,-0.30,-68.50
-0.32,-0.32,-67.94
-0.32,-0.28,-67.25
-0.25,-0.25,-66.48
-0.21,-0.33,-65.55
-0.40,-0.08,-64.56
-0.35,0.05,-63.57
-0.46,0.20,-62.58
-0.45,0.26,-61.63
-0.42,0.27,-60.63
-0.34,0.24,-59.65
-0.28,0.23,-58.69
-0.24,0.23,-57.96
-0.17,0.39,-57.63
-0.16,0.39,-57.77
-0.10,0.37,-57.96
-0.08,0.21,-58.38
-0.05,0.15,-59.04
-0.16,0.22,-59.65
-0.32,0.18,-60.02
-0.60,0.31,-60.33
-0.56,0.26,-60.33
-0.54,0.07,-60.22
-0.45,-0.11,-60.07
-0.44,-0.21,-59.66
-0.40,-0.21,-59.08
-0.49,-0.04,-58.69
-0.48,0.21,-58.27
-0.52,0.49,-57.78
-0.48,0.48,-57.28
-0.47,0.49,-56.75
-0.51,0.46,-56.14
-0.46,0.32,-55.38
-0.45,0.29,-54.37
-0.39,0.22,-53.27
-0.42,0.18,-52.17
-0.42,-0.02,-50.90
-0.41,-0.18,-48.98
-0.42,-0.51,-46.02
-0.53,-1.03,-41.83
-0.72,-1.12,-37.39
-0.69,-0.67,-33.65
-0.66,0.14,-30.66
-0.38,0.60,-27.88
-0.21,0.79,-24.78
-0.02,0.73,-21.19
0.24,0.97,-17.68
0.59,1.09,-14.60
0.77,1.08,-11.98
0.88,1.15,-9.53
0.84,1.29,-7.05
0.73,1.36,-4.28
1.05,1.24,-1.46
1.47,1.07,0.67
1.48,1.00,2.64
1.36,0.97,4.20
1.99,0.88,5.32
2.30,0.69,5.69
2.29,0.59,5.69
2.18,0.53,5.50
1.86,0.46,5.34
1.67,0.44,5.34
1.35,0.37,5.45
1.53,0.43,5.42
1.52,0.46,5.29
1.38,0.44,5.08
1.36,0.45,4.74
1.20,0.41,4.28
1.14,0.50,3.28
1.47,0.54,2.02
1.38,0.54,0.51
1.04,0.57,-0.78
0.69,0.58,-1.82
0.35,0.54,-2.80
0.20,0.56,-3.76
-0.05,0.66,-4.62
-0.11,0.50,-5.17
-0.20,0.40,-5.54
-0.20,0.39,-5.98
-0.13,0.39,-6.49
-0.01,0.38,-6.93
-0.10,0.39,-7.27
-0.27,0.32,-7.55
-0.28,0.26,-7.74
-0.26,0.27,-7.86
-0.22,0.21,-7.91
-0.19,0.20,-7.93
-0.16,0.18,-7.98
-0.08,0.19,-8.04
-0.08,0.19,-8.14
0.12,0.29,-8.41
0.08,0.47,-8.45
0.18,1.41,-8.61
0.34,3.16,-8.77
0.07,3.46,-8.86
0.23,3.95,-8.94
0.12,4.40,-9.09
0.22,4.56,-9.22
0.44,5.62,-9.49
0.32,6.74,-9.85
0.44,7.10,-10.19
0.64,7.49,-10.53
0.56,7.20,-10.89
0.60,6.54,-11.11
0.65,5.04,-11.29
0.67,3.17,-12.68
0.73,1.18,-14.00
0.74,-0.84,-15.31
0.76,-2.91,-16.61
0.76,-5.49,-17.88
0.72,-7.68,-19.11
0.72,-8.13,-19.99
0.75,-7.84,-20.88
0.74,-8.43,-21.75
0.75,-9.38,-22.65
0.79,-9.64,-23.59
0.78,-9.64,-24.54
0.85,-10.33,-25.40
0.87,-10.78,-26.28
0.89,-12.20,-27.21
1.03,-14.44,-28.28
1.11,-17.24,-29.32
1.08,-21.06,-30.37
1.04,-26.08,-31.35
0.68,-31.93,-32.03
-0.36,-38.15,-31.90
-2.20,-44.43,-30.66
-1.64,-44.91,-32.31
0.11,-43.57,-34.88
-0.11,-39.66,-35.94
0.19,-35.94,-37.35
0.41,-32.48,-38.70
0.53,-29.46,-39.97
0.63,-26.62,-41.26
0.70,-24.01,-42.53
0.59,-21.62,-43.40
0.44,-19.43,-44.22
0.33,-17.48,-44.95
-0.15,-15.70,-45.36
-0.38,-14.04,-45.58
-0.56,-12.52,-45.84
-0.60,-11.25,-46.50
0.02,-10.11,-47.79
0.02,-9.09,-48.97
0.03,-8.15,-50.17
0.03,-7.29,-51.38
0.01,-6.52,-52.61
0.03,-5.81,-52.16
0.05,-5.18,-51.72
0.08,-4.63,-51.30
0.07,-4.13,-50.88
0.04,-3.66,-50.47
0.07,-3.26,-50.07
0.09,-2.92,-49.22
0.08,-2.59,-48.38
0.10,-2.30,-47.56
0.09,-2.04,-46.76
0.09,-1.80,-45.97
0.09,-1.57,-45.20
0.12,-1.36,-44.36
0.14,-1.19,-43.54
0.14,-1.04,-42.73
0.13,-0.90,-41.94
0.10,-0.77,-41.17
0.12,-0.66,-40.41
0.14,-0.54,-39.66
0.26,-0.36,-39.48
0.13,-0.37,-39.72
-0.13,-0.28,-40.45
-0.24,-0.27,-40.48
-0.32,-0.22,-40.18
-0.43,-0.10,-39.87
-0.45,-0.02,-39.48
-0.36,0.01,-38.95
-0.24,0.02,-38.20
-0.40,0.03,-37.46
-0.35,0.06,-36.80
-0.31,0.08,-36.18
-0.25,0.12,-35.58
-0.22,0.13,-35.00
-0.19,0.17,-34.42
-0.20,0.18,-33.86
-0.18,0.22,-33.31
-0.14,0.22,-32.75
-0.11,0.23,-31.83
-0.77,0.89,-30.31
-0.81,1.76,-29.60
-0.26,-0.16,-29.75
-0.57,-0.00,-29.84
-1.08,-0.17,-30.48
-1.18,-0.37,-30.91
-2.06,-0.02,-31.06
-2.60,0.32,-31.26
-2.72,0.43,-31.64
-3.28,0.28,-32.12
-3.31,0.07,-33.58
-3.49,-0.69,-34.71
-3.49,-1.14,-35.70
-3.26,-0.54,-36.63
-3.36,-0.03,-37.39
-3.43,-0.37,-38.48
-3.44,-0.97,-39.30
-2.77,-0.86,-39.80
-2.96,-0.76,-40.41
-5.62,0.03,-41.27
-8.56,1.94,-41.75
-10.20,3.62,-42.05
-12.45,4.53,-42.04
-14.22,4.16,-41.62
-15.29,3.72,-41.24
-15.80,3.59,-41.47
-16.04,3.20,-41.70
-15.77,3.02,-41.83
-15.16,3.85,-42.35
-14.80,4.67,-42.96
-14.79,4.77,-43.63
-14.72,5.78,-44.05
-14.10,6.56,-44.60
-13.57,6.88,-45.18
-13.22,6.83,-45.54
-12.73,6.07,-45.70
-12.08,5.59,-45.76
-11.73,4.76,-45.83
-11.47,4.46,-45.91
-11.53,4.21,-45.87
-11.99,3.89,-46.75
-13.81,3.69,-48.10
-14.75,2.87,-48.95
-15.12,2.84,-49.78
-21.01,-1.23,-45.59
-22.79,-3.80,-45.58
-22.03,-2.03,-47.05
-23.92,-4.53,-47.54
-23.32,-3.65,-48.59
-22.78,-3.19,-49.89
-21.63,-3.53,-51.18
-19.96,-3.37,-52.73
-18.56,-2.74,-54.78
-17.25,-2.78,-57.11
-16.51,-2.58,-60.02
-15.68,-2.63,-62.98
-16.15,-4.49,-64.72
-17.77,-6.05,-65.63
-17.59,-8.00,-66.85
-16.90,-9.23,-68.09
-16.25,-10.25,-69.21
-15.16,-11.57,-70.27
-14.64,-13.86,-70.93
-13.74,-16.47,-71.81
-12.71,-18.04,-73.50
-12.28,-19.26,-75.21
-11.84,-20.42,-76.98
-11.32,-20.91,-78.80
-11.14,-21.64,-80.45
-10.86,-22.03,-82.13
-10.75,-22.60,-83.70
-10.55,-21.81,-85.25
-10.76,-22.49,-86.56
-11.53,-25.06,-87.60
-13.14,-30.66,-88.57
-12.02,-30.03,-90.81
-11.51,-29.19,-92.22
-11.56,-27.98,-93.35
-11.79,-26.87,-94.39
-12.14,-24.99,-95.51
-12.22,-23.10,-96.73
-12.01,-21.77,-98.03
-11.66,-20.42,-99.45
-10.64,-20.25,-101.95
-10.69,-19.13,-103.85
-10.45,-17.73,-105.78
-10.73,-16.95,-107.43
-11.21,-16.07,-108.49
-11.02,-15.08,-109.56
-10.91,-14.62,-110.64
-10.84,-13.61,-111.66
-10.54,-12.78,-112.82
-10.38,-12.33,-113.95
-10.52,-11.43,-114.80
-10.18,-10.41,-115.54
-9.77,-9.91,-116.32
-9.61,-9.67,-117.04
-9.42,-9.40,-117.86
-9.06,-9.30,-118.80
-8.85,-9.19,-119.70
-8.69,-9.17,-120.44
-8.75,-9.20,-121.04
-8.61,-9.07,-121.70
-8.55,-8.77,-122.24
-8.72,-8.69,-122.47
-8.88,-8.78,-122.59
-8.93,-8.42,-122.65
-8.87,-7.70,-122.64
-8.76,-7.24,-122.47
-8.70,-6.83,-122.04
-8.79,-6.48,-121.31
-8.81,-6.10,-120.27
-8.72,-5.73,-118.83
-8.70,-5.23,-117.37
-8.59,-4.35,-116.09
-8.43,-3.43,-114.82
-8.44,-3.04,-113.52
-8.37,-2.74,-112.24
-8.14,-2.48,-110.45
-8.07,-2.49,-108.65
-7.82,-2.78,-106.76
-7.93,-3.36,-104.79
-7.67,-3.85,-103.29
-7.28,-3.96,-101.96
-7.21,-4.06,-100.76
-7.02,-4.26,-99.65
-7.09,-4.59,-98.56
-7.39,-4.86,-97.53
-7.43,-5.01,-96.62
-7.55,-5.21,-95.66
-7.83,-5.14,-94.84
-8.11,-5.03,-94.05
-8.46,-4.82,-93.28
-8.81,-4.59,-92.57
-8.92,-4.45,-91.65
-9.57,-4.79,-90.53
-10.05,-4.70,-89.20
-10.12,-4.33,-88.16
-9.95,-3.72,-87.30
-9.56,-3.00,-86.89
-9.08,-2.17,-87.05
-8.81,-1.87,-87.64
-8.73,-2.33,-87.94
-8.71,-3.17,-88.41
-8.66,-4.24,-88.96
-7.98,-4.56,-90.21
-7.87,-5.27,-91.84
-8.11,-6.17,-93.48
-8.55,-6.87,-95.34
-9.38,-6.72,-96.66
-10.03,-5.94,-97.66
-10.02,-5.02,-98.72
-10.03,-3.88,-99.69
-10.05,-3.29,-100.18
-9.82,-2.79,-100.13
-9.50,-2.06,-99.99
-9.16,-1.22,-99.91
-8.89,-0.65,-99.85
-8.58,-0.17,-99.85
-8.30,0.16,-100.00
-8.15,0.35,-99.80
-8.06,0.72,-99.43
-7.87,1.14,-98.94
-7.53,1.47,-98.39
-7.30,1.88,-97.82
-7.25,2.12,-97.16
-7.30,2.32,-96.33
-7.20,2.45,-95.48
-6.94,2.73,-94.71
-6.76,2.91,-94.02
-6.71,2.84,-93.34
-6.84,2.66,-92.69
-6.97,2.46,-92.05
-6.99,2.30,-91.43
-6.85,2.42,-90.90
-6.82,2.54,-90.51
-6.58,2.96,-90.15
-6.35,3.29,-89.76
-6.22,3.17,-89.29
-6.18,2.97,-88.74
-6.03,3.01,-88.18
-5.88,3.03,-87.63
-5.76,3.02,-87.05
-5.80,2.93,-86.41
-5.77,2.83,-85.71
-5.73,2.77,-85.05
-5.62,2.55,-84.47
-5.60,2.04,-83.89
-5.65,1.54,-83.30
-5.47,1.29,-82.80
-5.19,1.16,-82.54
-4.99,1.15,-82.31
-4.94,1.22,-82.00
-5.14,1.37,-81.57
-5.42,1.36,-81.11
-5.64,1.29,-80.68
-5.78,1.30,-80.18
-6.12,1.49,-79.68
-6.35,1.88,-79.18
-6.19,2.17,-78.76
-5.58,1.66,-78.62
-5.39,1.39,-78.53
-4.96,1.74,-78.46
-4.50,2.19,-78.40
-4.07,2.42,-78.34
-3.44,2.81,-78.34
-3.09,3.01,-78.27
-2.86,3.20,-78.10
-2.10,3.38,-77.71
-1.42,3.45,-77.32
-0.68,3.53,-76.94
0.67,3.39,-76.54
1.71,2.91,-75.96
3.50,3.45,-75.44
5.51,4.34,-74.98
7.23,4.88,-74.56
9.00,4.93,-74.16
10.16,4.53,-73.85
11.17,4.23,-73.48
12.49,3.86,-73.06
14.01,3.20,-72.68
15.07,2.17,-72.33
15.99,1.67,-71.93
17.00,1.37,-71.48
18.21,1.37,-71.01
19.65,1.12,-70.61
20.80,1.21,-71.35
21.66,1.15,-71.91
22.85,1.02,-72.48
24.21,1.10,-73.06
25.49,1.36,-73.78
26.58,1.30,-74.49
27.16,1.05,-74.29
27.97,0.75,-74.08
28.89,0.68,-73.83
29.88,0.48,-73.59
30.52,0.16,-73.34
30.66,-0.38,-73.01
30.54,-0.98,-73.95
30.25,-1.56,-74.95
29.73,-2.06,-76.04
28.91,-2.45,-77.22
27.86,-2.80,-78.47
26.02,-3.27,-79.81
23.35,-3.80,-81.37
19.98,-4.04,-82.75
16.82,-3.79,-83.81
13.87,-3.07,-84.62
11.07,-2.58,-85.47
9.12,-2.61,-86.52
7.46,-1.89,-86.86
5.81,-0.74,-86.98
2.86,-0.06,-86.88
1.80,0.09,-87.07
1.01,-0.86,-87.50
-0.27,-1.94,-87.99
-1.04,-2.09,-87.96
-2.07,-1.62,-87.81
-3.48,-1.52,-87.52
-3.79,-1.02,-87.36
-4.83,-0.74,-87.29
-5.71,-1.10,-87.27
-6.70,-1.67,-87.04
-8.18,-1.37,-86.77
-10.07,-1.57,-86.11
-12.26,-1.69,-85.08
-13.58,-1.07,-84.14
-14.55,-0.49,-83.23
-16.31,-0.26,-81.91
-18.47,1.88,-80.87
-20.44,7.52,-81.26
-21.79,5.73,-80.84
-22.19,6.19,-80.92
-23.28,6.08,-80.79
-24.51,5.35,-80.17
-25.38,4.60,-79.57
-25.94,4.28,-78.97
-26.69,4.24,-78.51
-27.42,4.86,-78.42
-27.92,5.69,-78.50
-29.44,5.35,-78.42
-31.47,3.84,-78.22
-32.57,2.77,-77.87
-33.11,2.47,-77.34
-33.63,2.12,-76.77
-33.93,1.94,-76.31
-34.60,1.36,-75.98
-34.33,1.38,-75.98
-33.91,1.69,-76.08
-34.08,1.62,-76.06
-33.99,1.54,-76.03
-33.22,1.62,-76.09
-32.49,1.83,-76.06
-32.18,1.77,-75.98
-31.52,1.78,-75.98
-30.08,1.67,-76.12
-28.36,1.56,-76.23
-26.36,1.54,-76.18
-23.97,1.95,-76.14
-21.19,2.93,-75.99
-19.54,3.13,-75.84
-17.73,3.24,-75.69
-16.02,3.09,-75.39
-14.44,2.63,-75.22
-12.61,2.98,-75.37
-10.37,3.31,-75.69
-8.04,3.40,-75.90
-6.65,2.87,-75.96
-5.40,1.52,-75.85
-4.07,0.49,-75.64
-2.79,0.04,-74.78
-1.81,0.16,-73.87
-1.13,0.50,-73.07
-0.46,0.83,-72.43
0.22,1.29,-71.82
0.47,1.65,-71.28
0.57,2.28,-71.12
0.61,2.86,-70.95
0.62,3.19,-70.62
0.84,3.22,-70.18
1.08,3.27,-69.80
1.13,3.37,-69.50
1.04,3.29,-69.13
0.76,3.57,-68.79
0.54,3.37,-68.24
0.25,3.18,-67.57
-0.02,3.04,-66.84
-0.23,2.95,-66.12
-0.29,3.30,-65.46
-0.45,4.08,-64.94
-0.68,4.58,-64.44
-0.89,5.05,-63.98
-1.04,5.31,-63.48
-0.73,5.64,-62.96
-0.68,5.84,-62.38
-0.46,5.99,-61.80
-0.20,6.04,-61.21
-0.16,5.98,-60.64
0.05,6.02,-60.07
0.15,6.16,-59.51
0.32,6.31,-58.79
0.43,6.53,-58.13
0.34,6.58,-57.56
0.13,6.59,-57.07
-0.24,6.74,-56.62
-0.63,7.04,-56.20
-1.11,7.25,-55.78
-1.64,7.31,-55.36
-2.08,7.30,-54.96
-2.42,7.38,-54.54
-2.70,7.56,-54.10
-3.11,7.66,-53.67
-3.46,7.81,-53.33
-3.71,7.90,-53.00
-3.96,8.00,-52.72
-4.37,7.96,-52.42
-4.76,7.88,-52.13
-5.01,7.94,-51.90
-5.11,8.10,-51.82
-5.25,8.16,-51.77
-5.43,8.13,-51.69
-5.52,7.99,-51.64
-5.56,7.96,-51.68
-5.72,7.79,-51.68
-6.02,7.55,-51.57
-6.32,7.34,-51.39
-6.45,7.25,-51.18
-6.47,7.26,-50.96
-6.51,7.29,-50.77
-6.43,7.30,-50.55
-6.51,7.22,-50.35
-6.57,7.07,-50.09
-6.46,6.96,-49.83
-6.39,6.81,-49.60
-6.39,6.68,-49.40
-6.40,6.44,-49.19
-6.06,6.24,-48.99
-5.71,6.04,-48.87
-5.58,5.48,-48.80
-5.30,4.87,-48.76
-5.06,3.88,-48.73
-4.85,2.88,-48.71
-4.76,2.06,-48.72
-4.67,1.53,-48.75
-4.92,1.06,-48.69
-5.03,0.75,-48.60
-4.94,0.52,-48.49
-4.74,0.59,-48.37
-4.75,1.10,-48.15
-4.60,1.81,-47.92
-4.17,2.59,-47.70
-3.63,2.77,-47.57
-3.11,2.96,-47.48
-2.51,3.51,-47.42
-1.94,3.90,-46.88
-1.70,4.29,-46.34
-1.26,5.70,-45.84
-1.20,7.39,-45.27
-1.42,9.70,-44.63
-1.66,11.92,-43.95
-1.52,14.17,-43.14
-1.21,16.78,-42.34
-0.99,18.75,-41.58
-0.95,20.40,-40.91
-1.06,21.92,-40.33
-0.95,23.10,-39.81
-0.54,24.40,-39.44
-0.41,25.70,-39.20
-0.48,26.99,-38.97
-0.64,28.09,-38.75
-0.42,29.33,-38.44
-0.05,31.54,-37.99
0.13,33.25,-37.50
0.25,35.69,-36.89
0.51,37.86,-36.27
1.12,40.14,-35.54
1.85,42.83,-34.73
2.66,45.46,-33.82
3.06,47.67,-33.17
3.21,49.15,-32.68
3.61,50.36,-32.19
4.01,51.73,-31.74
4.35,53.01,-31.32
4.44,54.00,-31.10
4.36,55.25,-30.94
4.23,56.42,-30.78
4.23,57.49,-30.53
4.82,59.17,-29.72
6.19,61.33,-28.20
7.62,63.48,-26.65
9.82,65.66,-24.46
12.13,67.38,-22.20
14.01,69.19,-20.17
16.16,71.63,-17.40
20.96,74.43,-11.76
28.71,76.98,-3.12
39.12,79.11,8.47
52.66,80.74,23.40
63.23,81.08,35.34
70.22,81.61,43.66
73.22,81.93,48.26
78.21,82.33,54.79
85.84,82.75,63.98
85.57,83.43,65.19
79.58,84.21,60.67
70.19,84.94,52.67
58.36,85.26,42.05
45.60,85.21,30.63
37.82,85.19,24.32
31.66,85.29,19.04
15.31,83.75,3.57
6.23,82.15,-4.40
-0.53,80.04,-9.80
-5.26,78.04,-13.46
-8.06,76.03,-15.41
-10.50,73.41,-17.15
-13.29,70.37,-19.19
-14.62,67.86,-19.76
-15.60,64.68,-20.15
-16.30,61.27,-20.23
-17.15,57.59,-20.75
-17.81,53.78,-21.16
-18.35,50.32,-21.48
-18.31,46.44,-21.34
-18.26,42.38,-21.32
-17.98,38.43,-21.32
-17.71,33.96,-21.74
-17.58,29.46,-22.04
-17.40,24.99,-22.18
-16.70,20.97,-22.49
-16.24,17.55,-23.00
-16.08,13.81,-23.58
-16.18,9.92,-24.88
-16.24,6.85,-26.21
-16.34,3.84,-27.67
-16.41,0.39,-29.12
-16.69,-2.95,-30.58
-16.55,-5.57,-32.12
-16.48,-8.43,-33.39
-16.43,-11.19,-34.72
-16.22,-13.44,-36.06
-16.07,-15.63,-37.28
-16.25,-18.26,-38.37
-16.07,-20.83,-39.65
-15.60,-23.57,-40.96
-15.66,-26.57,-41.94
-15.51,-29.58,-42.98
-15.26,-32.22,-44.14
-15.07,-34.38,-45.34
-15.23,-36.86,-46.22
-15.46,-39.22,-47.01
-15.48,-41.22,-47.87
-15.45,-42.71,-48.71
-15.20,-43.72,-49.70
-15.21,-45.12,-50.44
-15.15,-46.60,-51.16
-14.91,-47.81,-51.99
-14.74,-48.46,-52.78
-14.89,-48.91,-53.43
-15.42,-49.56,-53.78
-15.43,-49.97,-54.52
-15.43,-50.44,-55.30
-15.48,-50.99,-56.06
-15.73,-51.66,-56.64
-15.97,-52.43,-57.27
-16.11,-53.07,-57.90
-16.43,-53.56,-58.32
-16.61,-53.94,-58.85
-16.48,-54.16,-59.67
-16.10,-54.43,-60.72
-15.75,-55.09,-61.72
-15.27,-56.30,-62.72
-15.29,-57.93,-62.94
-15.40,-60.22,-62.72
-14.80,-63.01,-62.76
-13.55,-64.36,-63.41
-13.34,-65.40,-63.24
-14.54,-66.29,-62.07
-16.44,-66.75,-60.03
-16.74,-67.04,-59.17
-15.63,-66.91,-59.53
-14.90,-66.47,-59.56
-14.55,-65.92,-59.20
-14.24,-64.83,-58.75
-12.89,-63.38,-59.57
-11.49,-61.81,-60.65
-10.19,-59.20,-61.64
-8.86,-56.18,-62.68
-7.29,-53.01,-64.05
-5.62,-49.92,-65.57
-3.90,-46.73,-67.28
-2.50,-43.94,-68.87
-1.35,-40.96,-70.44
-0.21,-37.49,-72.49
0.82,-34.17,-74.64
1.58,-30.65,-76.72
1.96,-27.03,-78.71
2.51,-24.07,-80.86
3.12,-21.32,-82.97
3.97,-19.84,-84.95
5.17,-18.69,-86.80
6.52,-17.46,-88.62
7.82,-15.89,-90.43
8.71,-14.21,-92.96
9.01,-12.73,-94.93
9.79,-11.05,-96.97
9.79,-8.63,-98.84
9.94,-6.86,-100.64
10.38,-5.49,-102.54
10.95,-4.69,-104.45
10.90,-3.54,-103.44
10.03,-1.68,-102.36
10.04,0.55,-100.95
10.39,2.80,-99.23
11.10,4.62,-97.02
11.41,6.43,-94.69
11.80,7.89,-92.26
12.00,9.26,-89.24
12.37,10.51,-85.64
12.67,11.57,-82.11
13.26,12.73,-78.56
13.79,13.37,-74.56
14.31,13.92,-70.54
14.72,14.26,-66.74
14.55,14.44,-63.53
14.76,15.32,-60.56
14.99,16.45,-57.79
14.95,17.14,-55.49
14.60,17.81,-53.50
14.26,18.93,-51.59
13.89,19.65,-49.40
13.54,19.89,-46.54
13.22,19.67,-43.53
13.15,19.39,-40.82
13.68,19.32,-37.97
13.64,18.52,-35.45
13.88,17.92,-32.82
14.02,17.83,-30.37
14.29,17.55,-28.19
14.09,17.48,-26.38
13.82,17.53,-24.95
13.30,17.67,-23.64
12.73,17.96,-22.25
12.36,18.21,-20.61
11.98,19.03,-18.99
11.77,19.87,-17.56
11.50,20.43,-16.25
11.31,20.68,-14.91
11.19,21.18,-13.54
11.08,23.22,-12.04
9.75,27.17,-11.27
9.20,33.44,-11.53
7.19,32.57,-14.41
5.90,30.60,-16.81
3.45,27.27,-19.35
1.46,24.59,-20.81
0.18,22.19,-21.15
-0.63,20.00,-20.98
-0.61,18.06,-20.79
-0.59,16.27,-20.60
-0.58,14.66,-20.42
-0.59,13.19,-20.25
-0.54,11.88,-20.06
-0.51,10.70,-19.89
-0.49,9.66,-19.86
-0.47,8.72,-19.83
-0.42,7.86,-19.81
-0.40,7.08,-19.78
-0.39,6.38,-19.76
-0.37,5.74,-19.73
-0.36,5.18,-19.86
-0.35,4.70,-19.97
-0.31,4.23,-20.09
-0.31,3.82,-20.20
-0.29,3.43,-20.31
-0.26,3.10,-20.41
-0.25,2.81,-20.64
-0.24,2.54,-20.87
-0.24,2.28,-21.08
-0.21,2.06,-21.32
-0.02,2.15,-21.59
0.15,2.06,-22.06
0.10,1.75,-22.60
-0.43,1.38,-22.85
-0.44,1.28,-23.08
-0.39,1.16,-23.30
-0.36,1.06,-23.52
-0.35,0.97,-23.74
-0.30,0.89,-24.05
-0.29,0.82,-24.35
-0.25,0.73,-24.64
-0.25,0.69,-24.93
-0.22,0.64,-25.21
-0.21,0.56,-25.48
-0.21,0.51,-25.78
-0.21,0.48,-26.09
-0.21,0.44,-26.38
-0.21,0.38,-26.67
-0.21,0.38,-26.95
-0.21,0.36,-27.23
-0.18,0.33,-27.52
-0.16,0.31,-27.80
-0.16,0.29,-28.08
-0.17,0.31,-28.35
-0.19,0.29,-28.61
-0.19,0.30,-28.87
-0.19,0.27,-29.10
-0.19,0.22,-29.32
-0.21,0.21,-29.54
-0.21,0.21,-29.75
-0.22,0.21,-29.95
-0.18,0.17,-30.15
-0.18,0.17,-30.39
-0.18,0.17,-30.62
-0.17,0.16,-30.85
-0.16,0.16,-31.07
-0.14,0.16,-31.29
-0.12,0.16,-31.50
-0.13,0.13,-31.67
-0.13,0.14,-31.84
-0.12,0.12,-32.00
-0.12,0.12,-32.16
-0.12,0.12,-32.31
-0.14,0.13,-32.46
-0.15,0.11,-32.61
-0.15,0.09,-32.76
-0.19,0.10,-32.90
-0.19,0.10,-33.04
-0.20,0.11,-33.17
-0.21,0.11,-33.31
-0.20,0.11,-33.48
-0.23,0.12,-33.64
-0.21,0.12,-33.81
-0.19,0.14,-33.97
-0.18,0.17,-34.13
-0.16,0.14,-34.28
-0.14,0.14,-34.38
-0.15,0.14,-34.49
-0.15,0.14,-34.59
-0.15,0.13,-34.68
-0.15,0.13,-34.78
-0.15,0.13,-34.87
-0.13,0.11,-34.97
-0.13,0.11,-35.06
-0.14,0.09,-35.15
-0.15,0.14,-35.24
-0.14,0.14,-35.33
-0.15,0.14,-35.41
-0.14,0.14,-35.50
-0.16,0.14,-35.57
-0.15,0.14,-35.65
-0.16,0.14,-35.73
-0.17,0.14,-35.80
-0.17,0.17,-35.87
-0.17,0.20,-35.96
-0.16,0.19,-36.05
-0.17,0.21,-36.13
-0.16,0.20,-36.22
-0.16,0.17,-36.30
-0.16,0.14,-36.37
-0.16,0.14,-36.43
-0.17,0.12,-36.48
-0.17,0.09,-36.53
-0.16,0.10,-36.58
-0.16,0.10,-36.63
-0.15,0.11,-36.67
-0.13,0.10,-36.74
-0.14,0.11,-36.81
-0.14,0.10,-36.87
-0.14,0.11,-36.94
-0.14,0.09,-37.00
-0.15,0.07,-37.06
-0.16,0.08,-37.11
-0.16,0.06,-37.17
-0.16,0.06,-37.23
-0.13,0.07,-37.28
-0.16,0.08,-37.34
-0.18,0.09,-37.39
-0.19,0.12,-37.42
-0.17,0.11,-37.45
-0.15,0.12,-37.49
-0.12,0.10,-37.52
-0.11,0.11,-37.55
-0.09,0.11,-37.58
-0.10,0.10,-37.64
-0.11,0.09,-37.70
-0.11,0.07,-37.75
-0.15,0.07,-37.81
-0.15,0.08,-37.86
-0.15,0.11,-37.91
-0.13,0.11,-37.94
-0.15,0.13,-37.97
-0.15,0.13,-38.00
-0.15,0.15,-38.03
-0.14,0.15,-38.06
-0.16,0.15,-38.09
-0.15,0.13,-38.13
-0.16,0.13,-38.17
-0.16,0.15,-38.22
-0.17,0.15,-38.25
-0.15,0.16,-38.30
-0.16,0.16,-38.34
-0.16,0.15,-38.37
-0.17,0.15,-38.41
-0.17,0.12,-38.45
-0.17,0.12,-38.48
-0.15,0.12,-38.51
-0.15,0.14,-38.55
-0.16,0.14,-38.55
-0.16,0.12,-38.57
-0.19,0.10,-38.58
-0.20,0.10,-38.59
-0.19,0.15,-38.60
-0.20,0.16,-38.61
-0.18,0.13,-38.62
-0.17,0.15,-38.62
-0.17,0.17,-38.63
-0.14,0.19,-38.64
-0.12,0.19,-38.64
-0.14,0.19,-38.64
-0.14,0.20,-38.65
-0.14,0.21,-38.66
-0.14,0.22,-38.66
-0.15,0.22,-38.68
-0.13,0.21,-38.68
-0.12,0.20,-38.69
-0.10,0.19,-38.69
-0.11,0.16,-38.70
-0.14,0.16,-38.71
-0.15,0.15,-38.71
-0.15,0.15,-38.72
-0.17,0.15,-38.72
-0.17,0.14,-38.74
-0.17,0.14,-38.76
-0.19,0.14,-38.78
-0.16,0.14,-38.80
-0.15,0.14,-38.82
-0.13,0.16,-38.84
-0.11,0.15,-38.84
-0.11,0.15,-38.85
-0.10,0.15,-38.86
-0.11,0.15,-38.86
-0.09,0.17,-38.87
-0.10,0.17,-38.87
-0.12,0.17,-38.87
-0.13,0.16,-38.87
-0.10,0.16,-38.86
-0.11,0.15,-38.86
-0.12,0.15,-38.86
-0.15,0.15,-38.85
-0.14,0.15,-38.86
-0.14,0.15,-38.86
-0.14,0.14,-38.86
-0.12,0.11,-38.87
-0.12,0.11,-38.87
-0.13,0.11,-38.87
-0.10,0.12,-38.89
-0.10,0.11,-38.90
-0.11,0.09,-38.91
-0.11,0.10,-38.92
-0.11,0.12,-38.93
-0.12,0.15,-38.94
-0.12,0.10,-38.93
-0.12,0.10,-38.93
-0.11,0.10,-38.92
-0.10,0.08,-38.91
-0.11,0.10,-38.90
-0.12,0.11,-38.89
-0.13,0.11,-38.90
-0.14,0.11,-38.90
-0.14,0.11,-38.90
-0.13,0.09,-38.91
-0.14,0.07,-38.91
-0.12,0.08,-38.92
-0.12,0.08,-38.93
-0.10,0.08,-38.94
-0.11,0.08,-38.95
-0.12,0.09,-38.96
-0.13,0.07,-38.97
-0.13,0.05,-38.98
-0.16,0.06,-38.97
-0.16,0.07,-38.96
-0.14,0.05,-38.95
-0.13,0.08,-38.94
-0.13,0.08,-38.94
-0.14,0.09,-38.93
-0.14,0.09,-38.94
-0.13,0.07,-38.96
-0.16,0.08,-38.97
-0.16,0.11,-38.99
-0.14,0.14,-39.00
-0.15,0.12,-39.02
-0.13,0.10,-39.03
-0.12,0.12,-39.04
-0.13,0.14,-39.04
-0.12,0.12,-39.06
-0.12,0.11,-39.06
-0.12,0.08,-39.07
-0.10,0.06,-39.08
-0.08,0.09,-39.09
-0.09,0.09,-39.10
-0.07,0.12,-39.11
-0.05,0.09,-39.12
-0.06,0.07,-39.13
-0.08,0.07,-39.13
-0.09,0.08,-39.14
-0.10,0.08,-39.14
-0.11,0.08,-39.14
-0.12,0.08,-39.14
-0.12,0.06,-39.14
-0.12,0.06,-39.14
-0.13,0.07,-39.15
-0.11,0.07,-39.16
-0.12,0.07,-39.17
-0.13,0.05,-39.17
-0.13,0.03,-39.18
-0.13,0.05,-39.17
-0.10,0.06,-39.17
-0.10,0.06,-39.16
-0.13,0.04,-39.15
-0.13,0.05,-39.15
-0.14,0.06,-39.14
-0.13,0.08,-39.15
-0.13,0.08,-39.16
-0.13,0.11,-39.17
-0.14,0.12,-39.19
-0.11,0.11,-39.20
-0.11,0.11,-39.21
-0.11,0.08,-39.21
-0.11,0.11,-39.21
-0.12,0.12,-39.22
-0.12,0.14,-39.22
-0.10,0.14,-39.22
-0.11,0.14,-39.22
-0.10,0.16,-39.20
-0.11,0.18,-39.19
-0.11,0.15,-39.17
-0.11,0.17,-39.16
-0.13,0.08,-39.15
-0.13,0.10,-39.14
-0.11,0.13,-39.19
-0.11,0.16,-39.23
-0.11,0.15,-39.28
-0.11,0.13,-39.32
-0.11,0.13,-39.36
-0.12,0.11,-39.40
-0.12,0.10,-39.38
-0.12,0.10,-39.36
-0.11,0.10,-39.34
-0.11,0.09,-39.32
-0.12,0.11,-39.31
-0.12,0.09,-39.29
-0.13,0.10,-39.28
-0.12,0.08,-39.26
-0.13,0.08,-39.25
-0.11,0.08,-39.24
-0.12,0.08,-39.22
-0.12,0.08,-39.21
-0.10,0.09,-39.22
-0.10,0.11,-39.24
-0.08,0.13,-39.26
-0.08,0.14,-39.27
-0.07,0.16,-39.29
-0.07,0.15,-39.30
-0.08,0.14,-39.29
-0.08,0.11,-39.28
-0.06,0.11,-39.28
-0.08,0.14,-39.27
-0.08,0.16,-39.26
-0.06,0.12,-39.25
-0.06,0.10,-39.24
-0.07,0.09,-39.22
-0.08,0.07,-39.22
-0.07,0.08,-39.20
-0.07,0.08,-39.19
-0.05,0.11,-39.19
-0.04,0.12,-39.18
-0.05,0.11,-39.18
-0.06,0.09,-39.18
-0.05,0.09,-39.17
-0.06,0.12,-39.17
-0.07,0.12,-39.17
-0.06,0.13,-39.17
-0.07,0.13,-39.17
-0.06,0.10,-39.17
-0.07,0.12,-39.17
-0.07,0.12,-39.17
-0.08,0.10,-39.17
-0.08,0.10,-39.17
-0.06,0.10,-39.16
-0.05,0.13,-39.16
-0.06,0.12,-39.15
-0.04,0.12,-39.14
-0.05,0.13,-39.14
-0.07,0.15,-39.14
-0.06,0.17,-39.15
-0.08,0.19,-39.15
-0.09,0.19,-39.14
-0.10,0.20,-39.15
-0.10,0.18,-39.15
-0.10,0.17,-39.15
-0.10,0.16,-39.15
-0.10,0.18,-39.15
-0.11,0.18,-39.15
-0.11,0.17,-39.15
-0.12,0.16,-39.15
-0.11,0.16,-39.13
-0.12,0.15,-39.11
-0.12,0.15,-39.10
-0.12,0.14,-39.08
-0.10,0.14,-39.07
-0.11,0.14,-39.05
-0.11,0.14,-39.07
-0.08,0.16,-39.08
-0.09,0.16,-39.09
-0.09,0.15,-39.09
-0.10,0.14,-39.10
-0.10,0.14,-39.11
-0.11,0.11,-39.11
-0.12,0.11,-39.11
-0.12,0.13,-39.11
-0.12,0.10,-39.11
-0.12,0.10,-39.11
-0.12,0.10,-39.11
-0.10,0.10,-39.11
-0.09,0.10,-39.12
-0.10,0.10,-39.13
-0.10,0.10,-39.13
-0.11,0.11,-39.14
-0.11,0.10,-39.15
-0.11,0.11,-39.16
-0.11,0.11,-39.17
-0.11,0.10,-39.18
-0.10,0.10,-39.20
-0.10,0.13,-39.21
-0.10,0.13,-39.22
-0.10,0.12,-39.22
-0.10,0.09,-39.22
-0.13,0.07,-39.22
-0.12,0.07,-39.21
-0.12,0.08,-39.21
-0.13,0.09,-39.21
-0.12,0.11,-39.20
-0.12,0.11,-39.20
-0.12,0.11,-39.19
-0.12,0.11,-39.19
-0.12,0.13,-39.18
-0.12,0.12,-39.17
-0.12,0.12,-39.18
-0.11,0.10,-39.18
-0.11,0.10,-39.18
-0.14,0.12,-39.18
-0.13,0.15,-39.18
-0.15,0.13,-39.19
-0.14,0.12,-39.19
-0.14,0.12,-39.19
-0.14,0.14,-39.19
-0.15,0.16,-39.19
-0.15,0.18,-39.20
-0.17,0.18,-39.20
-0.16,0.17,-39.19
-0.13,0.15,-39.17
-0.11,0.15,-39.16
-0.12,0.15,-39.15
-0.12,0.14,-39.13
-0.13,0.14,-39.12
-0.14,0.16,-39.12
-0.13,0.13,-39.12
-0.11,0.15,-39.12
-0.09,0.14,-39.12
-0.09,0.18,-39.12
-0.08,0.19,-39.11
-0.11,0.20,-39.10
-0.11,0.19,-39.08
-0.11,0.17,-39.06
-0.11,0.16,-39.04
-0.12,0.14,-39.03
-0.12,0.16,-39.01
-0.12,0.15,-39.00
-0.13,0.15,-39.00
-0.09,0.12,-38.99
-0.10,0.12,-38.98
-0.09,0.14,-38.97
-0.10,0.14,-38.97
-0.10,0.13,-38.97
-0.11,0.13,-38.98
-0.10,0.13,-38.99
-0.12,0.12,-39.00
-0.12,0.12,-39.00
-0.10,0.09,-39.01
-0.11,0.10,-39.01
-0.12,0.10,-39.02
-0.12,0.10,-39.03
-0.13,0.10,-39.03
-0.12,0.10,-39.03
-0.13,0.07,-39.04
-0.13,0.10,-39.06
-0.11,0.12,-39.07
-0.11,0.14,-39.08
-0.14,0.13,-39.10
-0.11,0.13,-39.11
-0.12,0.10,-39.13
-0.12,0.11,-39.14
-0.10,0.13,-39.15
-0.08,0.12,-39.15
-0.09,0.10,-39.17
-0.09,0.10,-39.17
-0.10,0.12,-39.18
-0.07,0.12,-39.18
-0.08,0.09,-39.19
-0.09,0.10,-39.19
-0.07,0.10,-39.19
-0.10,0.10,-39.19
-0.11,0.10,-39.20
-0.11,0.08,-39.19
-0.14,0.11,-39.19
-0.13,0.10,-39.18
-0.14,0.09,-39.18
-0.14,0.09,-39.18
-0.14,0.09,-39.17
-0.14,0.09,-39.18
-0.14,0.09,-39.18
-0.12,0.10,-39.18
-0.12,0.10,-39.18
-0.13,0.10,-39.18
-0.10,0.10,-39.18
-0.11,0.09,-39.18
-0.09,0.09,-39.18
-0.09,0.10,-39.18
-0.09,0.12,-39.18
-0.07,0.11,-39.18
-0.08,0.11,-39.19
-0.08,0.11,-39.18
-0.09,0.13,-39.17
-0.10,0.13,-39.15
-0.10,0.11,-39.14
-0.10,0.10,-39.14
-0.07,0.12,-39.12
-0.08,0.11,-39.12
-0.08,0.11,-39.13
-0.08,0.10,-39.13
-0.09,0.10,-39.13
-0.07,0.10,-39.13
-0.09,0.11,-39.13
-0.08,0.11,-39.11
-0.09,0.08,-39.08
-0.06,0.08,-39.05
-0.05,0.08,-39.03
-0.05,0.08,-39.00
-0.04,0.09,-38.98
-0.05,0.08,-38.99
-0.07,0.08,-39.00
-0.07,0.11,-39.01
-0.07,0.08,-39.02
-0.08,0.10,-39.03
-0.05,0.13,-39.04
-0.08,0.13,-39.05
-0.10,0.13,-39.06
-0.10,0.15,-39.07
-0.10,0.15,-39.08
-0.08,0.14,-39.09
-0.08,0.12,-39.10
-0.09,0.10,-39.10
-0.12,0.10,-39.10
-0.11,0.10,-39.10
-0.09,0.11,-39.09
-0.09,0.11,-39.09
-0.10,0.09,-39.08
-0.10,0.06,-39.10
-0.10,0.05,-39.12
-0.11,0.05,-39.14
-0.11,0.05,-39.16
-0.09,0.06,-39.17
-0.08,0.09,-39.19
-0.08,0.09,-39.21
-0.08,0.11,-39.22
-0.09,0.12,-39.24
-0.06,0.11,-39.25
-0.08,0.14,-39.27
-0.06,0.16,-39.28
-0.04,0.15,-39.28
-0.06,0.17,-39.28
-0.07,0.16,-39.29
-0.05,0.18,-39.29
-0.06,0.15,-39.29
-0.06,0.14,-39.29
-0.04,0.14,-39.28
-0.05,0.13,-39.27
-0.04,0.16,-39.26
-0.04,0.15,-39.25
-0.06,0.12,-39.24
-0.04,0.11,-39.23
-0.04,0.11,-39.24
-0.03,0.11,-39.24
-0.06,0.11,-39.24
-0.06,0.11,-39.25
-0.06,0.11,-39.25
-0.07,0.13,-39.25
-0.11,0.10,-39.23
-0.09,0.10,-39.22
-0.07,0.10,-39.21
-0.09,0.10,-39.20
-0.07,0.10,-39.19
-0.09,0.09,-39.18
-0.09,0.09,-39.18
-0.09,0.10,-39.17
-0.07,0.10,-39.17
-0.08,0.09,-39.16
-0.06,0.11,-39.15
-0.05,0.13,-39.15
-0.05,0.13,-39.13
-0.06,0.12,-39.12
-0.07,0.14,-39.10
-0.04,0.12,-39.09
-0.06,0.09,-39.07
-0.07,0.08,-39.06
-0.04,0.08,-39.05
-0.05,0.11,-39.04
-0.06,0.08,-39.04
-0.07,0.08,-39.03
-0.08,0.08,-39.02
-0.08,0.08,-39.02
-0.06,0.05,-39.02
-0.10,0.06,-39.02
-0.07,0.08,-39.02
-0.08,0.10,-39.02
-0.06,0.08,-39.02
-0.06,0.08,-39.03
-0.04,0.11,-39.03
-0.04,0.13,-39.03
-0.04,0.13,-39.03
-0.06,0.10,-39.02
-0.07,0.10,-39.03
-0.05,0.10,-39.03
-0.07,0.10,-39.01
-0.07,0.07,-38.99
-0.09,0.07,-38.97
-0.10,0.09,-38.95
-0.07,0.07,-38.94
-0.07,0.04,-38.92
-0.07,0.07,-38.94
-0.09,0.05,-38.96
-0.07,0.05,-38.98
-0.07,0.05,-38.99
-0.08,0.06,-39.01
-0.08,0.06,-39.03
-0.09,0.07,-39.03
-0.13,0.06,-39.03
-0.10,0.07,-39.03
-0.11,0.07,-39.02
-0.10,0.07,-39.02
-0.11,0.07,-39.02
-0.13,0.07,-39.03
-0.13,0.04,-39.03
-0.13,0.05,-39.04
-0.13,0.02,-39.03
-0.10,0.03,-39.03
-0.08,0.04,-39.04
-0.06,0.04,-39.06
-0.09,0.07,-39.09
-0.07,0.09,-39.11
-0.07,0.11,-39.13
-0.08,0.11,-39.15
-0.07,0.10,-39.17
-0.07,0.09,-39.18
-0.08,0.09,-39.19
-0.08,0.08,-39.20
-0.08,0.08,-39.21
-0.08,0.06,-39.22
-0.07,0.07,-39.23
-0.07,0.04,-39.22
-0.08,0.07,-39.22
-0.08,0.07,-39.21
-0.09,0.07,-39.20
-0.09,0.05,-39.20
-0.10,0.03,-39.19
-0.13,0.04,-39.19
-0.13,0.04,-39.19
-0.13,0.05,-39.19
-0.13,0.03,-39.19
-0.14,0.04,-39.19
-0.14,0.04,-39.19
-0.12,0.06,-39.19
-0.11,0.07,-39.20
-0.11,0.09,-39.21
-0.12,0.07,-39.22
-0.09,0.07,-39.22
-0.10,0.07,-39.23
-0.10,0.06,-39.23
-0.10,0.07,-39.23
-0.10,0.10,-39.24
-0.10,0.07,-39.24
-0.10,0.09,-39.24
-0.08,0.08,-39.24
-0.08,0.08,-39.25
-0.08,0.11,-39.26
-0.09,0.11,-39.27
-0.07,0.09,-39.27
-0.07,0.06,-39.28
-0.08,0.07,-39.29
-0.09,0.05,-39.28
-0.10,0.03,-39.27
-0.12,0.01,-39.25
-0.11,0.02,-39.23
-0.11,0.02,-39.22
-0.11,0.05,-39.20
-0.11,0.05,-39.20
-0.11,0.03,-39.20
-0.11,0.02,-39.20
-0.10,0.00,-39.20
-0.10,-0.01,-39.19
-0.10,0.00,-39.19
-0.10,0.01,-39.20
-0.13,0.04,-39.22
-0.14,0.05,-39.24
-0.13,0.05,-39.26
-0.12,0.05,-39.28
-0.15,0.05,-39.29
-0.14,0.03,-39.29
-0.13,0.09,-39.28
-0.12,0.08,-39.28
-0.14,0.08,-39.27
-0.14,0.08,-39.27
-0.13,0.09,-39.27
-0.14,0.08,-39.26
-0.14,0.06,-39.25
-0.14,0.04,-39.25
-0.10,0.04,-39.24
-0.10,0.05,-39.23
-0.10,0.06,-39.23
-0.10,0.04,-39.22
-0.08,0.04,-39.21
-0.08,0.05,-39.20
-0.11,0.05,-39.20
-0.11,0.05,-39.19
-0.10,0.04,-39.18
-0.09,0.04,-39.19
-0.07,0.01,-39.19
-0.06,0.04,-39.19
-0.05,0.05,-39.19
-0.07,0.08,-39.20
-0.07,0.08,-39.20
-0.07,0.07,-39.18
-0.07,0.10,-39.17
-0.05,0.10,-39.16
-0.06,0.09,-39.14
-0.07,0.10,-39.13
-0.05,0.08,-39.13
-0.06,0.08,-39.11
-0.07,0.08,-39.11
-0.05,0.11,-39.10
-0.05,0.08,-39.09
-0.05,0.06,-39.08
-0.04,0.04,-39.07
-0.04,0.04,-39.06
-0.05,0.06,-39.05
-0.06,0.09,-39.04
-0.05,0.09,-39.04
-0.04,0.09,-39.03
-0.05,0.09,-39.02
-0.07,0.12,-39.02
-0.10,0.11,-39.02
-0.10,0.11,-39.02
-0.08,0.11,-39.01
-0.08,0.11,-39.01
-0.08,0.12,-39.01
-0.09,0.11,-39.01
-0.10,0.13,-39.02
-0.11,0.15,-39.02
-0.09,0.14,-39.03
-0.09,0.14,-39.03
-0.08,0.10,-39.04
-0.09,0.10,-39.04
-0.06,0.10,-39.03
-0.06,0.09,-39.03
-0.06,0.09,-39.03
-0.06,0.09,-39.03
-0.07,0.08,-39.03
-0.08,0.08,-39.05
-0.08,0.05,-39.07
-0.08,0.04,-39.09
-0.06,0.04,-39.10
-0.07,0.07,-39.12
-0.05,0.07,-39.14
-0.05,0.10,-39.16
-0.03,0.10,-39.18
-0.03,0.09,-39.20
-0.02,0.08,-39.22
-0.03,0.11,-39.24
-0.04,0.10,-39.26
-0.04,0.10,-39.24
-0.05,0.10,-39.22
-0.05,0.10,-39.21
-0.07,0.08,-39.19
-0.05,0.07,-39.17
0.01,0.05,-39.16
-0.02,0.03,-39.17
-0.05,0.11,-39.18
-0.04,0.13,-39.18
-0.06,0.09,-39.20
-0.05,0.04,-39.20
-0.04,0.09,-39.21
-0.07,0.09,-39.22
-0.04,0.11,-39.24
-0.03,0.10,-39.26
-0.04,0.10,-39.28
-0.01,0.10,-39.29
-0.02,0.10,-39.31
-0.03,0.09,-39.31
-0.04,0.06,-39.31
-0.03,0.07,-39.32
-0.03,0.07,-39.32
-0.03,0.07,-39.33
-0.02,0.09,-39.33
-0.03,0.11,-39.31
-0.06,0.12,-39.29
-0.03,0.12,-39.28
-0.03,0.11,-39.26
-0.05,0.13,-39.25
-0.05,0.14,-39.23
-0.07,0.14,-39.23
-0.08,0.15,-39.23
-0.08,0.14,-39.23
-0.08,0.14,-39.23
-0.08,0.13,-39.23
-0.06,0.13,-39.23
-0.05,0.10,-39.22
-0.06,0.10,-39.22
-0.10,0.10,-39.21
-0.10,0.08,-39.20
-0.09,0.10,-39.19
-0.07,0.10,-39.18
-0.04,0.08,-39.18
-0.04,0.07,-39.18
-0.05,0.05,-39.18
-0.06,0.05,-39.17
-0.08,0.03,-39.17
-0.11,0.02,-39.17
-0.10,0.05,-39.19
-0.08,0.03,-39.21
-0.08,0.03,-39.23
-0.08,0.03,-39.25
-0.10,0.01,-39.26
-0.10,0.02,-39.29
-0.08,0.01,-39.30
-0.08,0.01,-39.30
-0.08,0.04,-39.31
-0.08,0.07,-39.32
-0.08,0.07,-39.33
-0.08,0.07,-39.34
-0.08,0.07,-39.36
-0.09,0.09,-39.38
-0.08,0.06,-39.40
-0.07,0.07,-39.42
-0.09,0.09,-39.44
-0.08,0.09,-39.46
-0.07,0.11,-39.48
-0.05,0.11,-39.50
-0.05,0.10,-39.51
-0.03,0.12,-39.53
-0.05,0.14,-39.55
-0.05,0.14,-39.56
-0.04,0.15,-39.55
-0.05,0.12,-39.53
-0.05,0.12,-39.51
-0.03,0.11,-39.50
-0.04,0.11,-39.48
-0.05,0.10,-39.46
-0.05,0.10,-39.45
-0.05,0.12,-39.44
-0.05,0.09,-39.44
-0.05,0.08,-39.43
-0.08,0.08,-39.42
-0.09,0.07,-39.42
-0.09,0.07,-39.43
-0.09,0.07,-39.45
-0.08,0.06,-39.47
-0.07,0.05,-39.48
-0.05,0.05,-39.49
-0.02,0.07,-39.51
-0.03,0.05,-39.52
-0.03,0.07,-39.53
-0.03,0.04,-39.54
-0.05,0.04,-39.56
-0.06,0.03,-39.57
-0.05,0.00,-39.58
-0.06,-0.01,-39.58
-0.04,-0.00,-39.57
-0.06,-0.01,-39.57
-0.06,0.01,-39.56
-0.08,0.02,-39.56
-0.05,0.04,-39.56
-0.05,0.05,-39.58
-0.04,0.03,-39.59
-0.04,0.04,-39.61
-0.02,0.04,-39.62
-0.02,0.05,-39.64
-0.03,0.07,-39.65
-0.03,0.10,-39.64
-0.02,0.10,-39.62
-0.03,0.10,-39.60
-0.04,0.10,-39.58
-0.04,0.06,-39.57
-0.04,0.07,-39.55
-0.08,0.08,-39.55
-0.08,0.08,-39.55
-0.06,0.08,-39.55
-0.06,0.10,-39.55
-0.05,0.08,-39.55
-0.02,0.07,-39.55
-0.05,0.09,-39.54
-0.03,0.06,-39.55
-0.03,0.04,-39.55
-0.01,0.04,-39.55
0.01,0.04,-39.55
0.01,0.04,-39.55
0.00,0.04,-39.51
0.02,0.05,-39.48
-0.00,0.07,-39.45
-0.01,0.09,-39.42
0.01,0.11,-39.39
-0.01,0.11,-39.36
-0.02,0.08,-39.38
-0.03,0.08,-39.39
-0.01,0.10,-39.41
-0.03,0.10,-39.42
-0.03,0.10,-39.44
-0.01,0.07,-39.45
-0.02,0.10,-39.44
-0.05,0.13,-39.44
-0.03,0.10,-39.43
-0.04,0.08,-39.42
-0.04,0.08,-39.41
-0.02,0.10,-39.40
-0.03,0.10,-39.40
-0.03,0.08,-39.39
-0.04,0.08,-39.39
-0.05,0.10,-39.38
-0.05,0.09,-39.37
-0.05,0.09,-39.37
-0.03,0.08,-39.38
-0.03,0.07,-39.38
-0.01,0.05,-39.38
-0.03,0.05,-39.38
-0.01,0.03,-39.38
-0.02,0.04,-39.38
-0.01,0.05,-39.36
-0.01,0.05,-39.35
-0.02,0.05,-39.34
-0.01,0.07,-39.33
0.01,0.07,-39.31
0.01,0.07,-39.31
-0.01,0.07,-39.29
0.02,0.09,-39.27
0.00,0.08,-39.25
0.00,0.08,-39.23
0.02,0.08,-39.22
0.01,0.09,-39.20
0.00,0.09,-39.19
-0.01,0.08,-39.17
-0.02,0.06,-39.15
-0.02,0.08,-39.14
-0.02,0.07,-39.12
-0.04,0.07,-39.10
-0.02,0.07,-39.11
-0.03,0.07,-39.12
-0.03,0.04,-39.13
-0.07,0.02,-39.13
-0.07,0.03,-39.14
-0.04,0.03,-39.15
-0.07,0.03,-39.15
-0.06,0.03,-39.14
-0.06,0.01,-39.14
-0.06,0.02,-39.14
-0.07,0.04,-39.14
-0.05,0.07,-39.14
-0.03,0.08,-39.14
-0.06,0.08,-39.15
-0.04,0.10,-39.16
-0.04,0.11,-39.17
-0.04,0.06,-39.17
-0.05,0.08,-39.18
-0.05,0.07,-39.18
-0.06,0.08,-39.18
-0.06,0.07,-39.19
-0.04,0.10,-39.19
-0.04,0.09,-39.19
-0.04,0.08,-39.19
-0.07,0.07,-39.17
-0.04,0.08,-39.15
-0.05,0.08,-39.13
-0.03,0.07,-39.11
-0.01,0.04,-39.09
0.00,0.03,-39.07
-0.00,0.06,-39.08
-0.01,0.09,-39.08
-0.02,0.08,-39.08
-0.03,0.05,-39.09
-0.01,0.06,-39.09
-0.03,0.08,-39.09
-0.02,0.09,-39.08
-0.03,0.09,-39.07
-0.05,0.09,-39.05
-0.05,0.09,-39.04
-0.05,0.08,-39.03
-0.05,0.06,-39.02
-0.05,0.09,-39.04
-0.06,0.07,-39.05
-0.05,0.06,-39.06
-0.02,0.06,-39.08
-0.03,0.03,-39.09
-0.03,0.06,-39.11
-0.06,0.06,-39.14
-0.06,0.07,-39.16
-0.09,0.05,-39.19
-0.09,0.05,-39.21
-0.09,0.05,-39.24
-0.09,0.05,-39.27
-0.11,0.07,-39.27
-0.11,0.07,-39.27
-0.11,0.10,-39.27
-0.10,0.12,-39.27
-0.12,0.11,-39.27
-0.12,0.11,-39.28
-0.12,0.10,-39.28
-0.14,0.10,-39.29
-0.13,0.10,-39.30
-0.11,0.09,-39.31
-0.11,0.11,-39.31
-0.11,0.07,-39.31
-0.10,0.05,-39.31
-0.07,0.08,-39.31
-0.07,0.08,-39.31
-0.07,0.05,-39.31
-0.10,0.03,-39.31
-0.07,0.04,-39.31
-0.09,0.01,-39.31
-0.10,0.02,-39.32
-0.09,0.05,-39.32
-0.07,0.06,-39.33
-0.07,0.08,-39.34
-0.06,0.05,-39.34
-0.04,0.05,-39.32
-0.02,0.03,-39.29
-0.02,0.06,-39.27
-0.02,0.06,-39.24
-0.01,0.06,-39.22
-0.02,0.06,-39.20
-0.01,0.05,-39.19
-0.01,0.05,-39.19
-0.02,0.07,-39.19
-0.02,0.07,-39.19
-0.03,0.04,-39.19
-0.04,0.04,-39.19
-0.06,0.05,-39.19
-0.06,0.04,-39.18
-0.06,0.02,-39.17
-0.06,0.05,-39.16
-0.07,0.08,-39.16
-0.04,0.07,-39.15
-0.05,0.07,-39.14
-0.06,0.07,-39.13
-0.06,0.08,-39.13
-0.06,0.07,-39.12
-0.06,0.10,-39.12
-0.05,0.09,-39.12
-0.04,0.12,-39.12
-0.02,0.11,-39.12
-0.05,0.10,-39.12
-0.05,0.09,-39.12
-0.06,0.11,-39.13
-0.06,0.10,-39.13
-0.05,0.09,-39.10
-0.05,0.09,-39.07
-0.06,0.09,-39.04
-0.06,0.08,-39.01
-0.06,0.08,-38.98
-0.05,0.10,-38.96
-0.02,0.07,-38.96
-0.03,0.10,-38.97
-0.04,0.09,-38.97
-0.02,0.11,-38.97
-0.02,0.10,-38.98
-0.01,0.10,-38.98
-0.04,0.12,-38.98
-0.02,0.12,-38.97
-0.03,0.07,-38.97
-0.03,0.09,-38.96
-0.04,0.08,-38.96
-0.02,0.08,-38.95
-0.00,0.08,-38.95
-0.01,0.10,-38.94
-0.02,0.10,-38.93
-0.03,0.14,-38.92
-0.03,0.13,-38.91
-0.06,0.12,-38.90
-0.05,0.12,-38.90
-0.07,0.09,-38.90
-0.05,0.06,-38.90
-0.04,0.04,-38.89
-0.04,0.06,-38.89
-0.05,0.08,-38.89
-0.03,0.06,-38.88
-0.03,0.05,-38.88
-0.03,0.05,-38.87
-0.06,0.06,-38.87
-0.05,0.07,-38.86
-0.05,0.09,-38.85
-0.04,0.09,-38.85
-0.02,0.09,-38.84
-0.02,0.08,-38.84
0.00,0.05,-38.83
0.00,0.06,-38.82
0.02,0.08,-38.82
0.02,0.10,-38.81
-0.02,0.12,-38.80
-0.02,0.12,-38.79
-0.03,0.11,-38.79
-0.00,0.11,-38.78
-0.01,0.10,-38.77
-0.01,0.11,-38.79
-0.02,0.10,-38.81
-0.03,0.12,-38.83
-0.03,0.11,-38.84
-0.04,0.10,-38.86
-0.04,0.09,-38.87
-0.04,0.09,-38.86
-0.04,0.09,-38.85
-0.05,0.08,-38.84
-0.06,0.11,-38.84
-0.04,0.10,-38.83
-0.07,0.10,-38.82
-0.08,0.09,-38.82
-0.08,0.09,-38.82
-0.08,0.11,-38.83
-0.08,0.10,-38.83
-0.08,0.08,-38.84
-0.10,0.07,-38.84
-0.12,0.08,-38.85
-0.14,0.10,-38.86
-0.13,0.09,-38.88
-0.10,0.09,-38.89
-0.10,0.09,-38.90
-0.09,0.08,-38.90
-0.09,0.07,-38.89
-0.08,0.07,-38.88
-0.05,0.07,-38.87
-0.05,0.09,-38.86
-0.02,0.09,-38.85
-0.04,0.09,-38.85
-0.04,0.09,-38.86
-0.04,0.07,-38.88
-0.04,0.06,-38.90
-0.01,0.04,-38.91
0.01,0.02,-38.93
-0.00,0.02,-38.95
-0.01,0.03,-38.93
-0.02,0.01,-38.91
-0.02,-0.01,-38.89
-0.02,-0.01,-38.87
0.00,-0.01,-38.85
-0.01,-0.00,-38.83
0.00,-0.00,-38.82
-0.00,-0.01,-38.81
-0.00,-0.01,-38.80
-0.01,0.00,-38.79
0.01,0.01,-38.78
-0.00,-0.01,-38.77
0.02,-0.00,-38.79
0.03,0.00,-38.80
0.02,0.01,-38.82
0.04,0.02,-38.84
0.02,0.00,-38.86
0.01,0.03,-38.87
0.00,0.03,-38.86
0.00,0.01,-38.86
-0.00,-0.00,-38.86
-0.01,0.01,-38.86
0.01,0.01,-38.85
-0.01,0.03,-38.84
-0.02,0.03,-38.84
0.02,0.04,-38.85
0.00,0.05,-38.85
-0.01,0.07,-38.85
-0.00,0.08,-38.85
0.01,0.08,-38.85
0.01,0.08,-38.85
-0.01,0.05,-38.85
0.01,0.05,-38.85
0.02,0.08,-38.85
-0.01,0.08,-38.85
-0.01,0.05,-38.84
-0.01,0.05,-38.86
-0.02,0.07,-38.87
0.00,0.07,-38.89
-0.00,0.07,-38.91
-0.02,0.08,-38.92
-0.03,0.05,-38.94
-0.02,0.05,-38.92
-0.05,0.05,-38.91
-0.02,0.08,-38.90
-0.05,0.05,-38.89
-0.06,0.02,-38.87
-0.06,0.03,-38.87
-0.07,0.03,-38.89
-0.10,0.06,-38.91
-0.12,0.04,-38.94
-0.11,0.04,-38.96
-0.08,0.01,-38.98
-0.07,0.01,-39.00
-0.06,0.04,-39.02
-0.07,0.05,-39.05
-0.06,0.05,-39.07
-0.06,0.04,-39.09
-0.06,0.00,-39.11
-0.06,0.01,-39.14
-0.07,-0.00,-39.11
-0.06,-0.01,-39.09
-0.04,0.00,-39.07
-0.05,0.00,-39.05
-0.02,-0.01,-39.03
-0.03,0.02,-39.01
-0.01,0.02,-39.04
-0.02,0.00,-39.07
-0.02,-0.01,-39.10
-0.03,0.02,-39.13
-0.01,0.02,-39.16
-0.01,-0.00,-39.19
-0.04,-0.00,-39.17
-0.01,0.02,-39.15
-0.01,0.02,-39.13
-0.02,0.02,-39.11
-0.00,0.05,-39.09
-0.01,0.05,-39.07
-0.01,0.02,-39.05
-0.03,0.00,-39.02
-0.03,0.01,-39.01
-0.05,0.01,-38.98
-0.03,0.02,-38.97
-0.01,0.02,-38.95
-0.02,0.05,-38.95
-0.03,0.05,-38.96
0.00,0.05,-38.97
0.02,0.07,-38.97
0.01,0.09,-38.97
0.01,0.08,-38.97
-0.00,0.09,-38.96
-0.00,0.11,-38.96
0.01,0.10,-38.95
-0.00,0.10,-38.94
0.01,0.09,-38.93
0.03,0.09,-38.92
0.02,0.08,-38.90
0.00,0.10,-38.87
0.00,0.09,-38.84
0.01,0.11,-38.82
0.02,0.13,-38.79
0.01,0.12,-38.77
0.01,0.11,-38.77
0.00,0.08,-38.77
0.02,0.08,-38.77
0.04,0.08,-38.77
0.05,0.10,-38.77
0.04,0.11,-38.77
0.03,0.08,-38.77
0.02,0.07,-38.77
0.01,0.07,-38.77
0.00,0.07,-38.78
-0.03,0.07,-38.78
-0.04,0.09,-38.78
-0.03,0.09,-38.78
-0.04,0.09,-38.78
-0.04,0.11,-38.78
-0.01,0.13,-38.78
-0.05,0.10,-38.79
-0.02,0.08,-38.78
-0.02,0.08,-38.82
-0.04,0.08,-38.85
-0.07,0.08,-38.89
-0.06,0.05,-38.93
-0.08,0.05,-38.96
-0.08,0.08,-38.99
-0.08,0.04,-38.98
-0.08,0.05,-38.96
-0.08,0.03,-38.95
-0.08,0.01,-38.94
-0.07,-0.02,-38.93
-0.07,-0.04,-38.91
-0.06,-0.03,-38.91
-0.05,-0.02,-38.90
-0.05,-0.02,-38.89
-0.05,-0.04,-38.89
-0.03,-0.03,-38.88
-0.00,-0.03,-38.88
-0.00,-0.02,-38.90
-0.01,-0.02,-38.92
-0.02,-0.01,-38.94
-0.02,-0.01,-38.97
-0.02,-0.00,-38.99
-0.02,-0.03,-39.00
-0.03,-0.01,-38.99
-0.04,-0.00,-38.97
-0.04,-0.00,-38.96
-0.02,0.03,-38.94
0.00,0.03,-38.92
-0.00,0.04,-38.91
-0.00,0.01,-38.91
-0.01,0.02,-38.91
-0.03,0.04,-38.91
-0.00,0.04,-38.91
-0.03,0.02,-38.91
-0.03,0.02,-38.91
-0.04,0.02,-38.91
-0.04,0.02,-38.92
-0.04,0.02,-38.93
-0.03,0.03,-38.93
-0.03,0.03,-38.94
-0.03,0.03,-38.94
-0.03,0.03,-38.94
-0.03,0.05,-38.94
-0.04,0.06,-38.93
-0.03,0.06,-38.93
-0.01,0.05,-38.93
-0.01,0.05,-38.93
0.01,0.05,-38.93
-0.01,0.05,-38.93
-0.01,0.08,-38.93
-0.02,0.07,-38.92
-0.02,0.05,-38.92
-0.02,0.05,-38.92
-0.03,0.05,-38.93
-0.03,0.07,-38.94
-0.03,0.07,-38.95
-0.04,0.07,-38.97
-0.04,0.07,-38.98
-0.03,0.07,-38.99
-0.03,0.08,-38.99
-0.04,0.05,-39.00
-0.03,0.05,-39.01
-0.03,0.04,-39.02
-0.02,0.02,-39.03
-0.03,0.02,-39.04
-0.01,0.02,-39.04
-0.01,0.02,-39.04
-0.02,-0.00,-39.03
-0.03,0.00,-39.03
-0.05,0.01,-39.03
-0.06,0.04,-39.03
-0.05,0.04,-39.03
-0.06,0.04,-39.03
-0.06,0.07,-39.02
-0.06,0.04,-39.02
-0.03,0.06,-39.02
-0.06,0.07,-39.01
-0.06,0.06,-39.00
-0.03,0.06,-38.98
-0.03,0.01,-38.97
-0.01,-0.03,-38.96
-0.01,-0.02,-38.95
-0.05,0.04,-38.93
-0.06,0.02,-38.94
-0.06,-0.04,-38.96
-0.06,-0.05,-38.99
-0.06,-0.02,-39.00
-0.06,0.01,-39.02
-0.06,0.03,-39.03
-0.06,-0.02,-39.06
-0.05,-0.01,-39.07
-0.05,0.01,-39.09
-0.05,0.04,-39.11
-0.05,0.01,-39.12
-0.07,-0.04,-39.14
-0.08,-0.04,-39.14
-0.07,-0.01,-39.15
-0.07,-0.01,-39.15
-0.07,-0.01,-39.15
-0.04,-0.00,-39.16
-0.02,0.01,-39.16
-0.01,0.00,-39.17
-0.03,-0.02,-39.17
-0.04,-0.02,-39.18
-0.02,-0.01,-39.19
-0.02,-0.00,-39.19
-0.01,-0.02,-39.20
-0.02,-0.02,-39.19
-0.02,-0.03,-39.18
-0.02,-0.03,-39.18
-0.03,-0.05,-39.16
-0.05,-0.04,-39.16
-0.05,-0.03,-39.15
-0.05,-0.02,-39.15
-0.05,-0.01,-39.15
-0.05,-0.01,-39.16
-0.05,0.00,-39.16
-0.06,0.00,-39.16
-0.05,0.03,-39.16
-0.05,0.03,-39.17
-0.05,0.02,-39.18
-0.03,-0.00,-39.19
-0.03,0.02,-39.20
-0.03,-0.03,-39.21
-0.04,-0.02,-39.21
-0.04,-0.03,-39.20
-0.05,-0.05,-39.19
-0.04,-0.04,-39.17
-0.04,-0.05,-39.17
-0.03,-0.02,-39.15
-0.03,-0.02,-39.15
-0.04,-0.01,-39.14
-0.02,0.03,-39.13
-0.02,0.03,-39.12
-0.03,0.04,-39.11
-0.03,0.04,-39.11
-0.04,0.04,-39.09
-0.05,0.04,-39.08
-0.06,0.05,-39.07
-0.06,0.03,-39.05
-0.07,0.03,-39.04
-0.07,0.03,-39.02
-0.08,0.01,-39.01
-0.08,-0.00,-39.00
-0.08,0.00,-39.00
-0.10,0.01,-39.00
-0.10,0.01,-38.99
-0.10,0.01,-38.99
-0.07,0.01,-38.99
-0.06,0.03,-38.99
-0.06,0.03,-38.98
-0.03,0.03,-38.98
-0.04,0.05,-38.98
-0.04,0.05,-38.98
-0.05,0.05,-38.97
-0.04,0.04,-38.99
-0.01,0.07,-39.00
-0.02,0.06,-39.02
-0.02,0.06,-39.03
0.00,0.05,-39.04
-0.01,0.07,-39.05
-0.04,0.10,-39.06
-0.02,0.08,-39.06
-0.02,0.10,-39.07
0.00,0.09,-39.07
-0.00,0.06,-39.08
-0.03,0.02,-39.09
-0.04,0.02,-39.06
-0.01,0.04,-39.04
-0.02,0.04,-39.02
-0.02,0.03,-39.00
0.00,0.06,-38.98
-0.00,0.08,-38.96
0.01,0.08,-38.97
-0.00,0.05,-38.97
-0.01,0.05,-38.98
-0.01,0.05,-38.98
0.01,0.04,-38.98
-0.02,0.05,-38.98
-0.03,0.05,-38.96
-0.03,0.02,-38.93
-0.04,0.03,-38.91
-0.01,0.03,-38.89
-0.02,0.04,-38.86
-0.02,0.04,-38.84
-0.02,0.04,-38.82
-0.03,0.04,-38.80
-0.03,0.04,-38.78
-0.05,0.04,-38.76
-0.05,0.04,-38.75
-0.05,0.04,-38.73
-0.05,0.04,-38.74
-0.04,0.04,-38.75
-0.06,0.04,-38.75
-0.06,0.02,-38.76
-0.03,0.00,-38.77
-0.03,0.01,-38.79
-0.04,0.01,-38.78
-0.04,-0.02,-38.77
-0.04,-0.01,-38.77
-0.03,-0.03,-38.76
-0.03,-0.00,-38.75
-0.06,-0.02,-38.75
-0.06,-0.01,-38.74
-0.04,0.02,-38.75
-0.07,0.04,-38.74
-0.05,0.07,-38.75
-0.05,0.05,-38.75
-0.08,0.04,-38.75
-0.05,0.04,-38.76
-0.05,0.04,-38.77
-0.05,0.05,-38.79
-0.03,0.02,-38.80
-0.03,0.03,-38.81
-0.03,0.03,-38.83
-0.03,0.00,-38.84
-0.03,0.03,-38.84
-0.03,0.03,-38.85
-0.04,0.00,-38.86
-0.02,0.01,-38.87
-0.03,0.01,-38.88
-0.03,0.02,-38.89
-0.05,0.03,-38.90
-0.05,0.02,-38.91
-0.06,0.05,-38.92
-0.04,0.05,-38.92
-0.02,0.04,-38.93
-0.04,0.02,-38.94
-0.04,0.02,-38.94
-0.04,0.04,-38.95
-0.04,0.05,-38.96
-0.05,0.04,-38.96
-0.05,0.04,-38.97
-0.02,0.06,-38.95
-0.00,0.05,-38.94
-0.01,0.05,-38.93
-0.01,0.05,-38.91
-0.03,0.02,-38.90
-0.03,0.03,-38.89
-0.01,0.02,-38.87
-0.00,0.02,-38.86
-0.00,0.02,-38.85
-0.01,0.02,-38.83
-0.04,0.05,-38.82
-0.04,0.04,-38.81
-0.02,0.04,-38.84
-0.02,0.04,-38.88
-0.02,0.06,-38.91
-0.02,0.06,-38.95
-0.02,0.06,-38.98
-0.02,0.03,-39.01
-0.04,0.03,-39.01
-0.04,-0.00,-39.01
-0.05,0.01,-39.02
-0.03,0.01,-39.02
-0.00,-0.01,-39.03
-0.01,-0.03,-39.04
-0.00,-0.05,-39.05
0.02,-0.04,-39.06
0.01,-0.03,-39.07
0.01,-0.00,-39.08
-0.01,0.00,-39.09
0.01,0.02,-39.09
0.01,0.02,-39.10
0.02,0.02,-39.11
-0.00,-0.01,-39.11
0.02,0.03,-39.12
0.01,0.05,-39.13
0.00,0.04,-39.14
-0.00,0.07,-39.13
-0.01,0.07,-39.12
-0.01,0.07,-39.11
-0.01,0.08,-39.10
-0.01,0.10,-39.09
-0.02,0.12,-39.08
-0.02,0.09,-39.06
-0.03,0.10,-39.05
0.01,0.07,-39.04
0.00,0.06,-39.03
-0.01,0.04,-39.02
-0.01,0.04,-39.01
0.01,0.04,-39.01
0.01,0.02,-39.02
0.02,0.02,-39.03
0.01,0.05,-39.03
0.02,0.07,-39.04
0.01,0.06,-39.04
0.00,0.09,-39.05
0.00,0.10,-39.05
0.00,0.10,-39.04
-0.01,0.07,-39.04
-0.03,0.07,-39.05
-0.01,0.07,-39.04
-0.01,0.07,-39.03
-0.02,0.07,-39.02
-0.02,0.04,-39.00
-0.02,0.03,-38.99
-0.02,0.03,-38.98
0.00,0.03,-38.96
-0.00,0.04,-38.98
-0.00,0.03,-38.99
-0.00,0.01,-39.00
-0.02,0.01,-39.01
-0.03,0.01,-39.02
-0.03,0.01,-39.03
-0.04,0.01,-39.03
-0.07,0.04,-39.02
-0.06,0.04,-39.01
-0.06,0.04,-39.01
-0.04,0.01,-39.00
-0.02,0.01,-38.99
-0.02,0.01,-39.00
-0.01,-0.01,-39.02
-0.01,-0.01,-39.04
-0.02,-0.00,-39.05
-0.03,0.00,-39.07
0.00,0.01,-39.08
0.00,0.03,-39.09
0.00,0.05,-39.11
-0.01,0.05,-39.12
-0.01,0.08,-39.14
-0.01,0.07,-39.15
-0.02,0.10,-39.16
-0.02,0.09,-39.14
-0.02,0.09,-39.13
0.00,0.08,-39.11
0.01,0.10,-39.09
0.03,0.08,-39.07
0.04,0.05,-39.06
0.06,0.05,-39.04
0.05,0.04,-39.01
0.05,0.01,-38.99
0.07,0.02,-38.97
0.06,0.04,-38.95
0.05,0.04,-38.93
0.05,0.04,-38.93
0.03,0.04,-38.93
-0.01,0.02,-38.93
-0.02,0.02,-38.93
-0.03,0.02,-38.93
-0.01,0.02,-38.92
-0.02,0.02,-38.94
-0.03,-0.01,-38.95
-0.03,0.02,-38.96
-0.03,0.03,-38.98
-0.03,0.02,-38.99
-0.01,0.03,-39.01
-0.03,0.03,-39.02
-0.03,0.01,-39.03
-0.03,0.01,-39.04
-0.03,0.02,-39.05
-0.01,0.00,-39.06
0.00,0.01,-39.07
-0.00,0.01,-39.07
0.03,0.02,-39.08
0.03,-0.00,-39.08
0.02,-0.03,-39.07
0.02,-0.02,-39.07
0.01,-0.01,-39.07
0.02,-0.00,-39.07
0.01,-0.02,-39.07
-0.01,0.01,-39.07
-0.02,0.01,-39.06
-0.01,0.01,-39.06
-0.02,-0.01,-39.06
-0.01,-0.00,-39.06
0.01,0.00,-39.06
0.01,0.01,-39.06
0.01,0.01,-39.06
0.03,0.02,-39.06
0.05,0.02,-39.06
0.04,0.05,-39.06
0.04,0.02,-39.05
0.03,0.02,-39.04
0.01,0.03,-39.04
0.01,0.04,-39.03
0.01,0.03,-39.02
0.01,0.06,-38.99
-0.00,0.05,-38.97
-0.01,0.05,-38.95
-0.02,0.08,-38.93
-0.01,0.07,-38.91
0.01,0.06,-38.89
0.01,0.02,-38.91
-0.00,0.03,-38.92
-0.00,0.00,-38.94
-0.01,0.03,-38.96
-0.01,0.03,-38.98
-0.01,0.06,-39.00
0.02,0.07,-39.02
0.01,0.10,-39.04
-0.00,0.09,-39.06
0.02,0.08,-39.08
0.03,0.07,-39.09
0.02,0.08,-39.11
0.03,0.10,-39.09
0.03,0.11,-39.06
0.02,0.10,-39.04
0.01,0.10,-39.02
0.03,0.07,-39.00
0.05,0.06,-38.97
0.03,0.06,-38.96
-0.00,0.05,-38.94
-0.01,0.03,-38.93
0.01,0.01,-38.91
0.01,0.01,-38.90
0.01,-0.01,-38.88
0.01,-0.00,-38.88
0.01,0.02,-38.87
0.03,0.04,-38.86
0.02,0.04,-38.86
0.02,0.02,-38.85
0.01,0.02,-38.85
0.03,-0.00,-38.84
0.05,-0.01,-38.83
0.06,-0.00,-38.83
0.06,0.00,-38.82
0.05,-0.01,-38.82
0.04,-0.01,-38.81
0.03,-0.01,-38.80
0.02,-0.00,-38.80
0.04,-0.00,-38.79
0.03,-0.02,-38.78
0.03,0.01,-38.78
0.02,0.01,-38.77
0.02,0.01,-38.76
0.01,0.01,-38.75
0.02,0.02,-38.74
0.01,0.02,-38.74
0.03,0.05,-38.73
0.02,0.05,-38.73
0.01,0.05,-38.73
0.01,0.06,-38.73
0.00,0.06,-38.72
0.01,0.06,-38.72
0.02,0.06,-38.72
0.03,0.05,-38.71
0.02,0.05,-38.71
0.03,0.05,-38.71
0.02,0.04,-38.71
0.04,0.04,-38.71
0.05,0.03,-38.71
0.04,0.03,-38.71
0.06,0.03,-38.71
0.08,0.03,-38.71
0.05,-0.00,-38.71
0.06,-0.02,-38.71
0.06,-0.04,-38.71
0.05,-0.01,-38.71
0.07,-0.01,-38.69
0.06,-0.01,-38.67
0.05,0.04,-38.65
0.05,0.03,-38.63
0.04,0.06,-38.61
0.06,0.06,-38.60
0.03,0.05,-38.60
0.04,0.05,-38.60
0.03,0.02,-38.61
0.02,-0.00,-38.62
0.02,0.02,-38.63
0.04,0.01,-38.63
0.04,0.04,-38.62
0.03,0.03,-38.61
0.02,0.06,-38.61
0.02,0.08,-38.60
-0.01,0.07,-38.59
-0.01,0.04,-38.59
-0.00,0.01,-38.58
-0.00,-0.00,-38.57
-0.01,-0.02,-38.56
-0.02,-0.02,-38.56
-0.02,-0.01,-38.55
-0.00,-0.02,-38.54
-0.03,-0.02,-38.57
-0.03,-0.02,-38.59
-0.04,-0.01,-38.61
-0.01,-0.01,-38.63
-0.03,-0.01,-38.65
-0.04,0.00,-38.67
-0.03,0.03,-38.67
-0.02,0.02,-38.66
-0.02,0.05,-38.66
-0.00,0.05,-38.65
-0.01,0.04,-38.65
-0.00,0.04,-38.64
0.00,0.04,-38.66
0.00,0.04,-38.68
-0.00,0.04,-38.69
-0.02,0.04,-38.71
-0.02,0.06,-38.73
-0.00,0.06,-38.74
-0.02,0.06,-38.75
-0.02,0.05,-38.77
-0.02,0.05,-38.78
-0.04,0.04,-38.79
-0.02,0.01,-38.81
-0.00,-0.01,-38.82
0.02,-0.03,-38.84
0.01,-0.02,-38.86
0.00,-0.04,-38.87
0.02,-0.03,-38.89
0.02,-0.01,-38.90
0.01,-0.00,-38.92
0.00,-0.00,-38.92
0.00,0.03,-38.92
-0.01,0.00,-38.92
0.01,0.01,-38.93
0.01,-0.01,-38.93
0.01,-0.01,-38.93
-0.01,-0.02,-38.94
0.02,-0.01,-38.95
-0.02,0.02,-38.96
-0.01,0.04,-38.97
0.02,0.03,-38.98
0.01,0.03,-39.00
0.01,0.05,-39.00
-0.00,0.05,-39.00
-0.01,0.07,-39.01
-0.02,0.06,-39.01
0.01,0.05,-39.01
0.00,0.05,-39.02
0.03,0.05,-39.00
0.00,0.02,-38.98
-0.00,0.02,-38.95
-0.01,0.02,-38.93
-0.01,0.02,-38.91
-0.01,0.05,-38.89
-0.01,0.04,-38.91
0.02,0.04,-38.93
0.01,0.03,-38.95
0.01,0.03,-38.96
-0.01,0.03,-38.98
0.01,0.02,-38.99
-0.01,0.03,-38.98
-0.01,0.02,-38.97
-0.01,-0.00,-38.96
-0.01,-0.00,-38.95
0.02,-0.00,-38.94
0.01,0.00,-38.93
0.01,0.03,-38.93
0.01,0.03,-38.92
0.00,0.03,-38.91
0.00,0.03,-38.89
-0.00,0.04,-38.89
-0.00,0.05,-38.88
0.01,0.05,-38.88
0.01,0.04,-38.88
0.00,0.02,-38.89
0.02,0.00,-38.89
-0.01,0.00,-38.89
-0.02,0.01,-38.90
0.00,0.01,-38.88
0.00,-0.02,-38.86
-0.01,-0.01,-38.85
-0.02,-0.01,-38.83
-0.02,0.00,-38.81
-0.02,-0.02,-38.80
-0.02,-0.02,-38.81
-0.02,-0.02,-38.83
0.00,-0.03,-38.85
0.02,-0.02,-38.87
-0.01,-0.00,-38.89
0.01,0.00,-38.91
-0.00,-0.01,-38.93
-0.01,0.00,-38.94
-0.04,0.01,-38.96
-0.04,0.00,-38.97
-0.02,0.03,-38.98
-0.03,0.03,-38.99
0.00,0.01,-39.00
-0.02,-0.00,-39.01
-0.03,-0.03,-39.02
0.01,-0.03,-39.03
0.03,-0.02,-39.04
0.01,-0.02,-39.05
0.00,-0.01,-39.05
-0.00,0.02,-39.06
0.00,0.02,-39.06
-0.02,0.02,-39.06
-0.03,-0.01,-39.06
-0.03,-0.01,-39.06
-0.03,-0.01,-39.05
-0.03,-0.01,-39.05
-0.03,0.01,-39.05
-0.03,0.01,-39.04
-0.00,0.03,-39.04
-0.00,0.00,-39.03
0.01,0.01,-39.03
0.00,-0.01,-39.02
-0.01,-0.00,-39.01
-0.01,0.02,-39.01
-0.02,0.05,-39.00
-0.02,0.05,-39.00
0.01,0.04,-38.99
-0.00,0.04,-38.99
0.01,0.06,-38.98
0.02,0.05,-38.97
0.02,0.02,-38.96
0.03,0.01,-38.96
0.03,0.03,-38.96
0.05,0.06,-38.97
0.03,0.06,-38.98
0.03,0.05,-38.98
0.01,0.02,-38.99
0.01,0.03,-39.00
0.01,0.02,-38.98
0.01,0.02,-38.97
0.00,0.02,-38.96
0.00,-0.00,-38.94
0.00,-0.01,-38.93
-0.00,-0.00,-38.92
0.01,-0.02,-38.94
0.00,-0.02,-38.96
-0.00,-0.04,-38.98
0.02,-0.02,-39.00
0.04,-0.04,-39.02
0.05,-0.03,-39.04
0.04,-0.03,-39.06
0.04,-0.02,-39.08
0.05,-0.04,-39.10
0.04,-0.06,-39.11
0.05,-0.04,-39.12
0.04,-0.04,-39.13
0.04,-0.03,-39.11
0.03,-0.02,-39.09
0.05,-0.00,-39.07
0.04,0.00,-39.05
0.03,-0.02,-39.03
0.02,-0.03,-39.02
0.05,-0.03,-39.02
0.05,-0.00,-39.03
0.04,0.02,-39.03
0.04,-0.01,-39.04
0.03,-0.00,-39.04
0.02,0.00,-39.05
0.05,0.05,-39.04
0.05,0.04,-39.04
0.04,0.04,-39.04
0.03,0.02,-39.03
0.02,0.05,-39.03
0.01,0.05,-39.03
0.03,0.07,-39.02
0.01,0.07,-39.01
0.04,0.08,-39.00
0.04,0.08,-38.99
0.04,0.07,-38.98
0.05,0.10,-38.98
0.07,0.11,-38.96
0.06,0.11,-38.94
0.05,0.12,-38.93
0.04,0.11,-38.91
0.04,0.10,-38.89
0.03,0.09,-38.87
0.03,0.08,-38.86
0.02,0.08,-38.85
0.01,0.10,-38.84
0.03,0.11,-38.83
0.05,0.08,-38.82
0.03,0.07,-38.81
0.02,0.07,-38.79
0.02,0.05,-38.77
0.02,0.04,-38.76
0.02,0.04,-38.74
0.01,0.06,-38.72
0.04,0.05,-38.70
0.05,0.06,-38.72
0.05,0.05,-38.74
0.04,0.07,-38.75
0.04,0.09,-38.77
0.03,0.08,-38.78
0.03,0.07,-38.80
0.06,0.06,-38.81
0.07,0.06,-38.82
0.08,0.05,-38.83
0.04,0.06,-38.84
0.04,0.03,-38.85
0.05,0.03,-38.86
0.05,0.02,-38.83
0.04,0.00,-38.80
0.04,0.03,-38.77
0.05,0.00,-38.74
0.02,0.00,-38.71
0.01,-0.02,-38.69
0.04,0.01,-38.71
0.05,0.01,-38.72
0.07,0.02,-38.74
0.09,0.04,-38.75
0.08,0.01,-38.77
0.06,0.01,-38.78
0.07,0.04,-38.76
0.05,0.04,-38.73
0.03,0.04,-38.71
0.03,0.04,-38.68
0.01,0.04,-38.66
-0.01,0.04,-38.64
-0.00,0.03,-38.62
-0.00,0.05,-38.60
0.00,0.03,-38.59
-0.01,0.03,-38.57
-0.01,0.00,-38.55
-0.01,0.01,-38.54
-0.02,0.01,-38.56
-0.00,0.01,-38.58
-0.01,0.03,-38.60
0.01,0.03,-38.62
0.00,0.01,-38.64
0.02,0.02,-38.66
0.04,0.01,-38.67
0.04,0.04,-38.68
0.04,0.01,-38.68
0.04,0.04,-38.69
0.03,0.04,-38.70
0.05,0.03,-38.71
0.07,0.04,-38.71
0.06,0.02,-38.71
0.05,0.02,-38.71
0.04,0.00,-38.71
0.04,0.01,-38.70
0.01,0.02,-38.70
0.01,0.03,-38.70
0.00,0.01,-38.70
-0.00,0.01,-38.71
-0.01,0.01,-38.70
-0.01,0.01,-38.70
-0.01,0.01,-38.71
-0.02,0.03,-38.73
-0.03,0.00,-38.75
0.00,0.00,-38.78
0.00,0.00,-38.80
-0.01,0.02,-38.82
-0.01,0.03,-38.84
-0.01,0.02,-38.83
0.01,-0.00,-38.82
0.01,-0.02,-38.82
0.02,-0.02,-38.82
0.04,-0.01,-38.81
0.04,-0.03,-38.81
0.03,-0.02,-38.81
0.02,0.01,-38.80
0.04,0.03,-38.80
0.04,0.03,-38.80
0.04,0.04,-38.80
0.05,0.03,-38.81
0.05,0.05,-38.80
0.02,0.05,-38.79
0.02,0.04,-38.79
0.04,0.04,-38.78
0.04,0.06,-38.78
0.06,0.05,-38.77
0.09,0.05,-38.75
0.08,0.02,-38.73
0.08,0.02,-38.72
0.07,0.02,-38.70
0.05,0.02,-38.68
0.04,0.02,-38.66
0.03,-0.00,-38.67
0.03,0.02,-38.69
0.02,0.05,-38.70
0.01,0.04,-38.72
0.01,0.02,-38.74
0.00,0.05,-38.75
-0.00,0.09,-38.74
-0.01,0.06,-38.72
-0.03,0.08,-38.70
-0.03,0.07,-38.69
-0.00,0.07,-38.67
-0.01,0.07,-38.66
0.01,0.09,-38.65
0.02,0.09,-38.63
0.02,0.08,-38.61
0.04,0.07,-38.59
0.00,0.05,-38.58
-0.00,0.02,-38.56
0.01,0.03,-38.59
0.01,0.02,-38.61
0.01,0.00,-38.63
0.01,0.03,-38.66
0.01,0.03,-38.68
-0.01,0.03,-38.70
-0.02,0.03,-38.69
-0.01,0.04,-38.69
-0.01,0.03,-38.68
-0.01,0.04,-38.68
0.01,0.03,-38.67
-0.00,0.03,-38.67
0.00,0.05,-38.68
-0.01,0.03,-38.69
-0.02,0.05,-38.69
0.01,0.05,-38.70
0.01,0.05,-38.71
0.01,0.05,-38.71
-0.01,0.05,-38.71
-0.01,0.02,-38.72
-0.01,0.02,-38.72
-0.02,0.02,-38.72
0.00,0.01,-38.72
0.02,0.01,-38.72
0.01,0.04,-38.73
0.00,0.04,-38.74
-0.01,0.04,-38.75
-0.03,0.04,-38.75
-0.03,0.01,-38.75
-0.03,0.01,-38.76
-0.03,-0.01,-38.75
-0.02,-0.01,-38.75
-0.02,-0.02,-38.75
0.01,0.01,-38.75
0.01,0.03,-38.75
0.00,0.02,-38.75
-0.00,0.00,-38.73
-0.01,0.02,-38.71
-0.00,0.01,-38.70
-0.00,0.00,-38.68
-0.00,-0.01,-38.66
0.01,-0.03,-38.65
0.00,-0.04,-38.65
0.02,-0.03,-38.66
0.02,-0.03,-38.66
0.01,-0.01,-38.67
-0.00,-0.01,-38.68
-0.03,-0.03,-38.68
-0.01,-0.00,-38.69
-0.01,-0.03,-38.69
-0.01,-0.03,-38.69
-0.04,-0.02,-38.69
-0.03,-0.03,-38.69
-0.02,-0.02,-38.70
0.01,-0.02,-38.72
0.03,-0.01,-38.75
0.04,-0.01,-38.77
0.05,-0.00,-38.79
0.05,0.01,-38.81
0.04,0.01,-38.83
0.02,0.02,-38.83
0.02,0.02,-38.82
0.02,0.02,-38.82
0.02,0.02,-38.81
0.02,0.03,-38.81
0.05,0.03,-38.81
0.05,0.01,-38.82
0.05,0.01,-38.83
0.02,0.01,-38.84
0.01,0.03,-38.86
0.01,0.03,-38.87
0.02,0.05,-38.89
0.01,0.03,-38.90
0.02,0.05,-38.91
0.03,0.02,-38.92
0.05,0.02,-38.94
0.04,0.05,-38.95
0.03,0.05,-38.97
0.05,0.05,-38.96
0.04,0.03,-38.95
0.04,0.03,-38.93
0.03,0.03,-38.92
0.03,0.02,-38.91
0.05,0.02,-38.90
0.05,-0.00,-38.90
0.06,0.00,-38.90
0.07,0.00,-38.90
0.07,0.03,-38.91
0.05,0.03,-38.91
0.04,0.03,-38.91
0.03,0.03,-38.91
0.06,0.04,-38.90
0.08,0.07,-38.89
0.08,0.06,-38.89
0.09,0.08,-38.89
0.08,0.08,-38.88
0.07,0.07,-38.87
0.08,0.09,-38.86
0.10,0.08,-38.84
0.11,0.10,-38.83
0.10,0.09,-38.81
0.08,0.11,-38.80
0.07,0.08,-38.78
0.06,0.08,-38.76
0.05,0.05,-38.74
0.04,0.06,-38.73
0.01,0.03,-38.71
0.02,0.03,-38.69
0.02,0.01,-38.70
0.01,0.03,-38.71
0.01,0.06,-38.72
0.03,0.05,-38.73
0.03,0.05,-38.74
0.03,0.05,-38.75
0.03,0.06,-38.76
0.02,0.06,-38.76
0.02,0.07,-38.76
0.01,0.07,-38.77
0.03,0.08,-38.77
0.02,0.05,-38.78
0.02,0.07,-38.79
0.04,0.06,-38.80
0.03,0.06,-38.82
0.03,0.03,-38.83
0.02,0.03,-38.84
0.02,0.01,-38.84
0.04,0.01,-38.86
0.03,0.01,-38.88
0.02,0.01,-38.89
0.03,0.01,-38.91
0.04,0.02,-38.92
0.03,0.01,-38.93
0.02,0.02,-38.92
0.02,0.04,-38.90
0.01,0.01,-38.89
0.01,-0.01,-38.88
0.00,0.02,-38.87
0.01,0.04,-38.86
-0.00,0.04,-38.85
-0.00,0.04,-38.85
0.00,0.03,-38.85
-0.00,0.03,-38.85
-0.00,0.03,-38.85
-0.00,0.01,-38.85
0.00,0.04,-38.85
0.01,0.06,-38.84
-0.02,0.03,-38.84
0.02,0.05,-38.83
-0.03,0.05,-38.83
-0.03,0.03,-38.83
0.03,0.03,-38.83
0.00,0.05,-38.82
-0.02,0.04,-38.82
-0.00,0.02,-38.82
0.00,0.06,-38.82
0.00,0.06,-38.81
0.00,0.06,-38.81
0.00,0.02,-38.81
0.00,-0.04,-38.81
0.03,-0.06,-38.81
-0.00,0.02,-38.81
0.05,0.04,-38.80
0.02,0.04,-38.82
0.00,0.03,-38.84
0.02,0.03,-38.86
-0.01,0.02,-38.88
-0.01,0.02,-38.90
-0.01,0.01,-38.91
0.01,0.02,-38.90
0.01,0.01,-38.89
0.00,0.01,-38.88
-0.01,0.01,-38.88
-0.01,0.01,-38.86
0.02,0.01,-38.86
0.01,0.01,-38.85
0.03,0.03,-38.84
0.01,0.03,-38.83
0.00,0.03,-38.82
0.01,0.03,-38.82
0.01,0.03,-38.81
-0.02,0.04,-38.82
-0.03,0.04,-38.82
-0.03,0.04,-38.83
-0.03,0.04,-38.83
-0.03,0.06,-38.83
-0.03,0.05,-38.84
-0.03,0.05,-38.82
-0.02,0.02,-38.81
-0.02,0.02,-38.80
0.02,0.02,-38.78
0.03,0.02,-38.76
0.06,0.02,-38.75
0.05,0.02,-38.76
0.04,0.03,-38.77
0.06,0.03,-38.78
0.06,-0.00,-38.79
0.05,0.02,-38.79
0.04,0.04,-38.81
0.03,0.01,-38.81
0.05,-0.01,-38.82
0.04,0.00,-38.82
0.03,0.00,-38.83
0.01,-0.01,-38.84
0.01,-0.01,-38.84
0.01,-0.00,-38.83
0.01,0.00,-38.82
0.03,-0.02,-38.81
0.05,-0.02,-38.80
0.04,0.00,-38.79
0.03,-0.00,-38.78
0.05,-0.04,-38.78
0.02,-0.06,-38.79
0.02,-0.05,-38.79
0.01,-0.05,-38.80
0.01,-0.06,-38.80
0.02,-0.07,-38.80
0.04,-0.06,-38.81
0.03,-0.08,-38.81
0.05,-0.06,-38.81
0.06,-0.08,-38.82
0.08,-0.09,-38.82
0.06,-0.08,-38.82
0.09,-0.07,-38.81
0.08,-0.07,-38.81
0.04,-0.08,-38.80
0.04,-0.05,-38.80
0.03,-0.04,-38.80
0.05,-0.06,-38.79
0.06,-0.04,-38.80
0.06,-0.04,-38.80
0.05,-0.04,-38.81
0.04,-0.06,-38.81
0.03,-0.05,-38.82
0.05,-0.07,-38.82
0.04,-0.06,-38.83
0.03,-0.08,-38.84
0.04,-0.07,-38.84
0.03,-0.04,-38.85
0.01,-0.06,-38.86
0.03,-0.05,-38.87
-0.01,-0.04,-38.88
-0.03,-0.03,-38.89
-0.07,-0.00,-38.89
-0.06,-0.01,-38.90
-0.04,0.02,-38.91
-0.04,0.01,-38.92
-0.04,0.02,-38.93
-0.04,0.02,-38.94
-0.03,0.04,-38.96
-0.03,0.03,-38.97
-0.02,0.01,-38.98
-0.03,0.00,-38.99
-0.01,-0.02,-39.00
0.01,-0.02,-39.01
-0.00,0.00,-39.02
-0.01,0.03,-39.03
-0.01,0.02,-39.04
0.01,0.02,-39.04
0.01,0.02,-39.03
0.03,0.03,-39.02
0.04,0.05,-39.01
0.04,0.05,-39.00
0.01,0.04,-38.99
0.01,0.04,-38.98
0.02,0.04,-38.99
0.02,0.04,-39.00
0.02,0.03,-39.01
0.02,0.03,-39.01
0.03,-0.00,-39.02
0.02,0.00,-39.03
0.04,-0.02,-39.01
0.06,-0.02,-38.99
0.06,-0.01,-38.97
0.06,0.01,-38.95
0.05,0.04,-38.93
0.05,0.04,-38.91
0.07,0.03,-38.88
0.09,0.03,-38.86
0.08,0.01,-38.84
0.07,0.01,-38.81
0.09,-0.01,-38.79
0.09,-0.01,-38.76
0.07,-0.01,-38.79
0.08,-0.01,-38.82
0.06,-0.01,-38.85
0.02,0.02,-38.87
0.03,0.04,-38.90
0.01,0.04,-38.92
0.02,0.04,-38.91
0.02,0.01,-38.89
0.01,0.01,-38.88
0.00,0.01,-38.86
-0.03,0.02,-38.84
-0.02,-0.00,-38.83
-0.02,0.00,-38.84
-0.01,-0.00,-38.84
0.01,0.00,-38.84
0.00,0.01,-38.85
-0.00,0.00,-38.85
-0.00,0.03,-38.86
-0.01,0.03,-38.86
0.01,0.05,-38.86
0.01,0.05,-38.86
0.01,0.05,-38.86
-0.02,0.02,-38.86
-0.02,-0.01,-38.87
-0.04,0.02,-38.88
-0.04,0.02,-38.90
-0.04,0.02,-38.92
-0.03,0.04,-38.93
-0.03,0.03,-38.95
-0.01,0.01,-38.97
-0.01,0.01,-38.97
-0.04,-0.00,-38.97
-0.03,-0.01,-38.97
-0.05,0.01,-38.96
-0.03,0.03,-38.96
-0.02,0.03,-38.96
-0.03,0.02,-38.99
-0.04,0.02,-39.02
-0.03,0.02,-39.05
-0.03,0.02,-39.08
-0.03,-0.00,-39.11
-0.02,0.02,-39.14
-0.02,-0.00,-39.17
-0.02,0.00,-39.20
-0.02,0.03,-39.24
-0.00,0.03,-39.26
-0.00,0.02,-39.29
-0.00,0.00,-39.32
-0.01,0.00,-39.30
-0.01,-0.01,-39.29
-0.02,-0.01,-39.27
-0.01,0.04,-39.25
-0.01,0.04,-39.24
-0.01,0.03,-39.22
-0.01,0.03,-39.22
-0.03,0.05,-39.22
0.00,0.05,-39.23
-0.00,0.07,-39.23
-0.00,0.08,-39.23
-0.00,0.07,-39.23
0.00,0.06,-39.18
0.00,0.06,-39.14
-0.00,0.03,-39.09
-0.00,0.03,-39.05
-0.02,0.01,-39.02
0.00,0.01,-38.98
0.02,0.01,-38.95
0.01,-0.01,-38.92
0.03,-0.04,-38.89
0.05,-0.04,-38.86
0.05,-0.04,-38.84
0.04,-0.01,-38.82
0.04,0.01,-38.83
0.05,0.01,-38.85
0.04,0.02,-38.86
0.06,0.04,-38.88
0.04,0.04,-38.89
0.04,0.04,-38.91
0.05,0.04,-38.88
0.04,0.01,-38.85
0.03,0.01,-38.82
0.03,0.02,-38.80
0.03,0.02,-38.77
0.05,0.02,-38.75
0.03,0.03,-38.76
0.03,0.03,-38.76
0.03,0.04,-38.77
0.03,0.04,-38.77
0.04,0.04,-38.78
0.03,0.01,-38.78
0.02,0.01,-38.77
0.02,0.01,-38.76
0.01,-0.02,-38.75
0.01,-0.01,-38.75
0.03,-0.03,-38.74
0.02,-0.02,-38.74
0.02,-0.04,-38.74
0.02,-0.06,-38.74
0.01,-0.05,-38.74
0.01,-0.03,-38.74
0.03,-0.04,-38.74
0.03,-0.06,-38.74
0.02,-0.05,-38.75
0.01,-0.03,-38.75
0.02,-0.05,-38.76
0.04,-0.05,-38.76
0.03,-0.06,-38.76
0.03,-0.06,-38.77
-0.00,-0.07,-38.80
0.02,-0.09,-38.83
0.01,-0.05,-38.86
-0.01,-0.07,-38.89
0.00,-0.01,-38.92
0.05,0.01,-38.94
0.01,0.02,-38.94
-0.01,0.01,-38.93
0.01,-0.01,-38.93
0.03,-0.02,-38.93
0.02,-0.04,-38.93
0.02,-0.06,-38.93
0.02,-0.03,-38.92
0.02,-0.01,-38.92
0.04,-0.01,-38.92
0.02,-0.01,-38.91
0.02,-0.01,-38.91
0.03,-0.00,-38.91
0.03,-0.00,-38.91
-0.01,-0.00,-38.92
-0.01,0.02,-38.93
0.00,0.02,-38.93
-0.00,0.02,-38.94
0.00,0.02,-38.95
0.03,0.02,-38.95
0.05,0.02,-38.97
0.05,0.04,-38.98
0.04,0.04,-38.98
0.03,0.04,-38.98
0.05,0.04,-38.99
0.04,0.03,-38.99
0.03,0.03,-38.99
0.03,0.02,-39.00
0.03,0.02,-39.00
0.04,0.02,-39.01
0.01,-0.01,-39.01
0.01,0.00,-39.01
0.03,0.02,-39.01
0.02,0.03,-39.02
0.03,0.03,-39.02
0.02,0.05,-39.02
0.02,0.08,-39.03
-0.00,0.04,-39.00
0.02,0.04,-38.98
0.02,0.06,-38.95
0.01,0.06,-38.93
0.03,0.04,-38.91
0.04,0.04,-38.89
0.03,0.04,-38.89
0.03,0.04,-38.90
0.01,0.06,-38.91
0.01,0.03,-38.91
-0.01,0.03,-38.92
0.01,0.03,-38.92
-0.02,0.02,-38.91
0.01,0.02,-38.90
0.03,0.02,-38.89
0.02,0.00,-38.88
0.02,-0.00,-38.87
0.02,-0.01,-38.86
0.03,-0.03,-38.85
0.03,-0.03,-38.83
0.04,-0.03,-38.82
0.02,-0.03,-38.81
0.01,-0.02,-38.81
-0.00,0.01,-38.80
-0.01,0.01,-38.81
-0.01,0.01,-38.82
-0.01,-0.02,-38.83
0.01,0.01,-38.85
0.01,0.06,-38.86
-0.02,0.04,-38.87
-0.02,0.04,-38.87
-0.02,0.04,-38.87
-0.01,0.06,-38.87
-0.01,0.06,-38.88
-0.01,0.05,-38.88
-0.01,0.05,-38.88
-0.01,0.07,-38.87
0.02,0.08,-38.87
0.02,0.08,-38.87
0.01,0.07,-38.87
0.01,0.06,-38.87
0.02,0.08,-38.86
0.02,0.07,-38.87
0.01,0.08,-38.87
0.03,0.08,-38.87
0.05,0.07,-38.88
0.05,0.08,-38.88
0.04,0.07,-38.89
0.06,0.07,-38.89
0.06,0.08,-38.89
0.02,0.08,-38.88
0.04,0.07,-38.88
0.05,0.07,-38.88
0.05,0.06,-38.88
0.06,0.05,-38.88
0.07,0.05,-38.87
0.05,0.03,-38.87
0.05,0.03,-38.87
0.04,0.05,-38.87
0.04,0.02,-38.87
0.03,-0.00,-38.87
0.05,-0.01,-38.87
0.02,-0.01,-38.87
0.02,-0.00,-38.88
0.03,-0.01,-38.88
0.00,0.02,-38.89
-0.01,-0.01,-38.87
-0.01,-0.00,-38.85
-0.01,-0.00,-38.84
0.02,-0.00,-38.82
0.00,0.00,-38.81
-0.03,0.01,-38.80
-0.03,0.03,-38.79
-0.05,0.03,-38.78
-0.05,0.06,-38.77
-0.06,0.04,-38.76
-0.05,0.03,-38.75
-0.04,0.06,-38.74
-0.03,0.07,-38.75
-0.06,0.04,-38.77
-0.04,0.04,-38.78
-0.01,0.04,-38.79
-0.01,0.04,-38.80
-0.01,0.04,-38.81
-0.01,0.02,-38.81
0.02,-0.00,-38.80
0.02,-0.02,-38.80
0.01,-0.02,-38.80
0.01,-0.04,-38.79
-0.00,-0.03,-38.79
0.00,-0.02,-38.79
-0.01,-0.02,-38.80
-0.01,-0.01,-38.80
-0.01,0.01,-38.80
-0.01,-0.01,-38.80
-0.01,-0.00,-38.80
-0.02,-0.01,-38.80
-0.01,-0.01,-38.80
0.01,-0.00,-38.80
0.01,-0.03,-38.81
0.01,-0.02,-38.81
0.03,-0.02,-38.81
0.04,-0.01,-38.80
0.03,-0.01,-38.80
0.02,0.02,-38.79
-0.00,0.02,-38.79
-0.00,0.02,-38.78
-0.00,0.01,-38.78
-0.03,0.01,-38.78
-0.00,0.01,-38.78
-0.01,0.03,-38.78
-0.03,0.03,-38.78
-0.03,0.03,-38.78
-0.03,0.05,-38.79
-0.04,0.04,-38.83
-0.02,0.07,-38.87
-0.03,0.06,-38.90
-0.03,0.05,-38.94
-0.02,0.05,-38.98
-0.04,0.05,-39.01
-0.06,0.05,-39.05
-0.07,0.05,-39.08
-0.07,0.05,-39.11
-0.07,0.03,-39.14
-0.06,0.02,-39.17
-0.06,0.00,-39.20
-0.03,0.03,-39.20
-0.01,0.05,-39.20
-0.01,0.03,-39.19
-0.01,0.02,-39.19
-0.02,0.05,-39.19
-0.02,0.07,-39.18
-0.02,0.04,-39.19
-0.03,0.04,-39.20
-0.02,0.06,-39.21
-0.03,0.06,-39.22
-0.03,0.07,-39.22
-0.02,0.07,-39.23
-0.02,0.08,-39.22
-0.02,0.08,-39.21
0.01,0.04,-39.21
0.01,0.04,-39.20
0.01,0.06,-39.19
0.01,0.05,-39.18
0.03,0.07,-39.17
0.03,0.06,-39.16
0.02,0.06,-39.15
0.02,0.03,-39.13
-0.00,0.04,-39.12
-0.00,0.00,-39.11
0.01,0.00,-39.12
0.02,0.03,-39.14
0.03,0.05,-39.15
0.04,0.04,-39.16
0.04,0.03,-39.17
0.06,0.04,-39.18
0.05,0.04,-39.17
0.05,0.03,-39.16
0.02,0.01,-39.15
0.01,0.01,-39.14
0.02,-0.02,-39.13
0.04,-0.02,-39.12
0.03,-0.02,-39.12
0.02,-0.02,-39.12
0.02,-0.02,-39.12
0.04,-0.02,-39.12
0.06,-0.02,-39.12
0.02,-0.00,-39.12
0.01,-0.01,-39.13
0.02,0.02,-39.14
0.02,0.01,-39.15
0.02,0.01,-39.16
0.03,0.01,-39.17
0.05,0.01,-39.18
0.07,-0.03,-39.18
0.06,-0.02,-39.19
0.03,-0.02,-39.20
0.03,-0.02,-39.21
0.02,-0.02,-39.22
0.02,-0.01,-39.23
0.00,-0.01,-39.22
0.00,0.01,-39.21
0.00,0.04,-39.20
-0.00,0.01,-39.19
0.02,0.01,-39.18
0.01,0.01,-39.17
0.01,0.01,-39.18
0.03,0.01,-39.19
0.02,-0.01,-39.19
-0.00,-0.01,-39.20
-0.00,-0.00,-39.21
-0.01,-0.00,-39.22
-0.02,0.01,-39.21
-0.02,0.01,-39.20
-0.02,0.03,-39.20
-0.00,0.00,-39.19
-0.00,0.03,-39.18
-0.00,0.02,-39.18
-0.00,-0.00,-39.17
-0.01,-0.01,-39.15
-0.00,-0.01,-39.15
-0.01,-0.00,-39.14
-0.03,-0.02,-39.13
-0.03,-0.04,-39.12
0.00,-0.03,-39.14
0.00,-0.00,-39.16
0.01,-0.02,-39.17
0.01,-0.02,-39.19
0.01,-0.02,-39.21
0.01,0.01,-39.23
0.00,0.03,-39.21
0.02,0.03,-39.20
0.04,0.03,-39.19
0.04,0.02,-39.17
0.03,0.05,-39.16
0.02,0.04,-39.14
0.02,0.07,-39.15
0.01,0.06,-39.15
0.02,0.05,-39.15
0.04,0.05,-39.15
0.03,0.04,-39.15
0.03,0.03,-39.15
0.05,0.03,-39.16
0.04,0.03,-39.17
0.03,0.05,-39.17
0.02,0.05,-39.17
0.02,0.05,-39.18
0.01,0.03,-39.18
0.01,0.03,-39.17
0.00,0.00,-39.17
0.03,-0.02,-39.16
0.03,0.01,-39.16
0.03,0.01,-39.15
0.06,-0.04,-39.15
0.06,-0.04,-39.14
0.06,-0.03,-39.14
0.07,-0.03,-39.14
0.08,-0.00,-39.13
0.08,-0.03,-39.13
0.07,-0.03,-39.12
0.07,-0.02,-39.12
0.08,0.01,-39.12
0.07,0.00,-39.11
0.07,0.03,-39.11
0.05,0.05,-39.11
0.04,0.03,-39.10
0.03,0.06,-39.10
0.05,0.06,-39.09
0.02,0.05,-39.08
-0.01,0.05,-39.07
-0.00,0.04,-39.07
-0.02,0.03,-39.06
-0.02,0.04,-39.04
-0.01,0.06,-39.02
-0.01,0.06,-39.00
-0.00,0.03,-38.98
-0.01,0.03,-38.96
-0.03,0.03,-38.95
-0.04,0.03,-38.96
-0.03,0.02,-38.97
-0.01,0.03,-38.98
-0.02,0.02,-38.99
-0.02,0.05,-39.00
-0.01,0.04,-39.01
-0.01,0.04,-39.00
-0.01,0.03,-38.98
-0.02,0.03,-38.96
0.01,0.02,-38.95
0.00,0.02,-38.93
-0.00,0.02,-38.92
-0.02,0.02,-38.95
-0.02,0.00,-38.97
-0.01,-0.00,-38.99
-0.02,0.00,-39.01
-0.02,-0.02,-39.03
-0.01,-0.02,-39.05
-0.03,-0.02,-39.07
-0.04,-0.02,-39.10
-0.03,-0.02,-39.12
-0.05,-0.04,-39.15
-0.02,-0.03,-39.17
-0.01,-0.03,-39.20
-0.02,-0.03,-39.19
-0.02,-0.00,-39.19
-0.01,-0.03,-39.19
-0.00,-0.02,-39.18
0.00,-0.02,-39.18
-0.00,0.01,-39.18
0.02,0.01,-39.18
-0.01,0.01,-39.19
0.02,0.01,-39.20
0.04,0.06,-39.20
0.03,0.06,-39.21
0.02,0.06,-39.22
0.03,0.05,-39.19
0.02,0.04,-39.17
-0.01,0.06,-39.14
-0.01,0.06,-39.12
0.02,0.05,-39.09
0.04,0.07,-39.07
-0.01,0.02,-39.05
-0.01,-0.00,-39.04
0.03,0.02,-39.01
0.01,0.05,-38.99
0.00,0.05,-38.97
0.03,-0.01,-38.96
0.02,0.02,-38.98
0.02,0.04,-38.99
0.01,0.05,-39.00
0.02,0.05,-39.02
0.04,0.03,-39.04
0.03,0.02,-39.05
0.03,0.02,-39.02
0.05,0.04,-39.00
0.04,0.03,-38.98
0.03,0.03,-38.95
0.03,0.05,-38.92
-0.00,0.07,-38.90
0.00,0.04,-38.90
0.03,0.03,-38.89
0.03,0.03,-38.88
0.03,0.02,-38.88
0.05,0.03,-38.87
0.05,0.02,-38.86
0.04,0.02,-38.86
0.05,0.02,-38.85
0.07,-0.00,-38.85
0.06,-0.01,-38.84
0.03,-0.00,-38.83
-0.01,0.00,-38.82
-0.00,-0.00,-38.83
0.02,0.00,-38.84
0.01,0.00,-38.86
0.01,-0.01,-38.87
0.01,-0.01,-38.88
0.03,-0.01,-38.89
0.03,-0.00,-38.86
0.03,-0.02,-38.84
0.03,-0.02,-38.82
0.02,-0.02,-38.79
0.02,-0.02,-38.77
0.02,-0.02,-38.74
0.01,-0.04,-38.75
0.01,-0.04,-38.77
0.02,-0.03,-38.78
0.03,-0.03,-38.79
0.02,0.00,-38.80
0.01,-0.02,-38.81
0.03,-0.03,-38.81
0.05,-0.01,-38.82
0.04,0.02,-38.83
0.03,0.05,-38.84
0.03,0.02,-38.84
0.03,0.02,-38.85
0.02,0.02,-38.83
0.01,-0.01,-38.81
0.01,-0.01,-38.80
0.01,-0.00,-38.78
-0.00,-0.02,-38.77
0.03,-0.02,-38.75
0.02,-0.02,-38.77
0.02,-0.04,-38.78
0.02,-0.06,-38.79
0.03,-0.05,-38.81
0.03,-0.03,-38.82
0.03,-0.03,-38.84
0.02,-0.00,-38.84
0.01,-0.00,-38.85
0.01,-0.02,-38.85
0.04,-0.02,-38.85
0.03,-0.01,-38.85
0.04,-0.02,-38.85
0.02,-0.01,-38.86
0.02,-0.01,-38.86
0.04,-0.01,-38.86
0.04,-0.01,-38.86
0.03,-0.03,-38.86
0.05,-0.03,-38.87
0.04,-0.03,-38.87
0.04,-0.00,-38.87
0.03,0.00,-38.88
0.03,0.00,-38.88
0.02,-0.01,-38.88
0.01,-0.00,-38.89
0.00,-0.01,-38.89
0.01,-0.00,-38.89
0.03,-0.00,-38.89
0.00,-0.00,-38.89
-0.00,-0.00,-38.89
0.01,-0.01,-38.88
0.01,-0.03,-38.88
0.01,-0.05,-38.88
0.02,-0.05,-38.87
0.02,-0.05,-38.87
0.01,-0.04,-38.86
0.03,-0.04,-38.86
0.03,-0.02,-38.86
0.03,0.00,-38.87
0.03,-0.02,-38.87
0.04,-0.02,-38.88
0.06,-0.02,-38.88
0.04,0.01,-38.89
0.06,0.01,-38.88
0.05,0.01,-38.88
0.04,0.02,-38.87
0.04,0.01,-38.87
0.04,-0.01,-38.86
0.04,-0.01,-38.86
0.05,0.02,-38.87
0.06,0.02,-38.88
0.03,0.03,-38.88
0.05,0.01,-38.89
0.06,0.01,-38.90
0.05,0.04,-38.91
0.05,0.01,-38.89
0.06,0.01,-38.87
0.05,-0.02,-38.86
0.04,-0.02,-38.84
0.03,-0.02,-38.82
0.03,0.01,-38.80
0.02,0.01,-38.81
0.01,0.01,-38.81
0.03,0.02,-38.82
0.05,0.04,-38.83
0.07,0.06,-38.83
0.06,0.05,-38.84
0.08,0.04,-38.83
0.08,0.02,-38.82
0.05,0.01,-38.81
0.06,0.01,-38.80
0.06,-0.02,-38.79
0.03,-0.02,-38.78
0.03,-0.04,-38.80
0.02,-0.03,-38.82
0.02,-0.05,-38.84
0.04,-0.04,-38.86
0.03,-0.02,-38.88
0.02,-0.02,-38.89
0.01,-0.03,-38.88
0.03,-0.03,-38.87
0.05,-0.03,-38.85
0.05,-0.03,-38.84
0.04,-0.03,-38.83
0.06,-0.03,-38.82
0.05,-0.02,-38.82
0.04,-0.02,-38.82
0.05,-0.04,-38.83
0.04,-0.03,-38.83
0.04,-0.03,-38.84
0.06,-0.02,-38.84
0.05,-0.00,-38.85
0.04,0.02,-38.85
0.04,0.02,-38.85
0.06,0.04,-38.86
0.06,0.04,-38.86
0.08,0.04,-38.86
0.04,0.03,-38.85
0.06,0.06,-38.84
0.05,0.05,-38.83
0.05,0.06,-38.81
0.04,0.05,-38.80
0.03,0.03,-38.79
0.02,0.00,-38.78
0.04,0.00,-38.77
0.04,0.00,-38.76
0.04,0.01,-38.76
0.04,-0.02,-38.75
0.04,-0.01,-38.74
0.04,0.00,-38.75
0.04,0.01,-38.76
0.06,0.04,-38.78
0.05,0.04,-38.79
0.04,0.04,-38.80
0.03,0.04,-38.81
0.04,0.04,-38.82
0.04,0.01,-38.82
0.04,0.01,-38.83
0.06,0.04,-38.84
0.07,0.03,-38.84
0.09,0.06,-38.85
0.09,0.05,-38.84
0.11,0.05,-38.82
0.09,0.02,-38.81
0.11,0.02,-38.80
0.10,0.02,-38.79
0.09,0.02,-38.79
0.10,0.02,-38.78
0.07,0.02,-38.78
0.11,0.02,-38.78
0.07,0.02,-38.78
0.06,-0.03,-38.77
0.05,-0.02,-38.77
0.05,0.00,-38.76
0.05,0.02,-38.75
0.05,-0.01,-38.74
0.04,-0.01,-38.73
0.03,0.02,-38.71
0.03,0.02,-38.70
0.01,-0.00,-38.69
0.02,-0.01,-38.68
0.03,-0.00,-38.67
0.02,0.00,-38.66
0.01,-0.02,-38.65
0.02,-0.02,-38.63
0.01,-0.01,-38.65
0.01,-0.03,-38.67
0.02,-0.03,-38.69
0.01,-0.05,-38.70
0.03,-0.03,-38.72
0.03,-0.05,-38.74
0.04,-0.04,-38.74
0.06,-0.04,-38.73
0.07,-0.03,-38.73
0.06,-0.06,-38.72
0.06,-0.05,-38.72
0.05,-0.04,-38.72
0.04,-0.04,-38.73
0.03,-0.03,-38.74
0.03,-0.03,-38.75
0.04,-0.02,-38.76
0.04,-0.04,-38.77
0.04,-0.01,-38.77
0.03,-0.01,-38.77
0.03,-0.00,-38.76
0.03,0.01,-38.76
-0.00,0.01,-38.75
-0.00,0.01,-38.75
0.01,0.01,-38.74
0.02,0.02,-38.74
0.04,0.02,-38.74
0.06,0.02,-38.74
0.04,0.02,-38.73
0.03,0.02,-38.73
0.03,0.01,-38.73
0.03,-0.02,-38.73
0.02,-0.04,-38.72
0.04,-0.01,-38.72
0.03,-0.01,-38.71
0.01,-0.03,-38.71
0.01,-0.00,-38.70
0.03,-0.01,-38.71
0.02,0.02,-38.71
0.04,0.02,-38.71
0.05,-0.00,-38.72
0.03,-0.00,-38.72
0.02,-0.02,-38.73
0.02,-0.01,-38.73
0.01,-0.01,-38.72
-0.00,0.01,-38.73
-0.01,0.01,-38.73
-0.01,0.01,-38.73
-0.00,0.01,-38.72
-0.00,0.01,-38.73
-0.01,0.01,-38.73
-0.02,0.01,-38.74
-0.01,-0.01,-38.74
-0.01,0.02,-38.74
-0.01,0.02,-38.75
-0.01,0.04,-38.77
-0.00,0.03,-38.79
0.00,0.02,-38.81
-0.00,0.04,-38.84
0.00,0.04,-38.86
0.01,0.03,-38.88
-0.01,0.03,-38.86
-0.02,0.02,-38.84
-0.02,0.00,-38.83
-0.01,0.01,-38.82
-0.01,0.01,-38.81
-0.01,0.00,-38.79
-0.01,0.00,-38.81
-0.01,0.00,-38.82
-0.02,0.01,-38.83
0.01,0.01,-38.84
0.01,0.01,-38.86
0.01,0.00,-38.87
0.02,0.02,-38.88
0.04,0.02,-38.89
0.03,0.03,-38.89
0.01,0.02,-38.90
0.03,0.02,-38.90
0.02,0.04,-38.91
0.02,0.04,-38.89
0.00,0.04,-38.88
0.01,-0.01,-38.86
0.04,-0.01,-38.85
0.04,-0.01,-38.83
0.02,0.02,-38.82
0.04,-0.01,-38.80
0.01,-0.00,-38.78
0.03,-0.03,-38.76
0.05,-0.01,-38.75
0.05,-0.01,-38.73
0.04,-0.03,-38.72
0.04,-0.01,-38.71
0.03,-0.00,-38.69
0.02,-0.00,-38.67
0.01,0.00,-38.66
0.01,-0.00,-38.64
0.01,0.00,-38.63
0.03,0.00,-38.63
0.02,-0.02,-38.62
0.02,-0.02,-38.61
0.01,-0.04,-38.61
0.02,-0.03,-38.60
0.01,-0.02,-38.60
0.01,-0.05,-38.60
0.00,-0.07,-38.61
0.00,-0.08,-38.62
0.01,-0.05,-38.63
0.01,-0.05,-38.63
0.03,-0.03,-38.64
0.05,-0.00,-38.65
0.05,-0.02,-38.66
0.02,-0.02,-38.67
0.02,-0.02,-38.68
0.02,-0.02,-38.69
0.02,-0.01,-38.70
0.01,-0.02,-38.72
0.01,-0.02,-38.73
0.03,-0.04,-38.74
0.03,-0.04,-38.75
0.04,-0.03,-38.76
0.05,-0.03,-38.77
0.04,-0.02,-38.79
0.06,-0.02,-38.81
0.05,-0.02,-38.82
0.04,-0.02,-38.84
0.04,0.01,-38.86
0.03,0.01,-38.88
0.02,0.00,-38.89
0.02,0.00,-38.90
0.01,-0.01,-38.91
0.01,-0.01,-38.93
0.00,-0.01,-38.94
0.02,-0.04,-38.95
0.02,-0.03,-38.95
0.01,-0.03,-38.95
0.02,-0.00,-38.95
0.02,-0.00,-38.95
0.01,0.00,-38.95
0.02,0.03,-38.95
0.02,0.02,-38.96
0.02,-0.00,-38.96
0.04,-0.01,-38.96
0.04,-0.03,-38.96
0.06,-0.05,-38.96
0.05,-0.05,-38.96
0.07,-0.05,-38.96
0.07,-0.05,-38.95
0.06,-0.07,-38.94
0.07,-0.07,-38.94
0.05,-0.06,-38.93
0.07,-0.05,-38.93
0.04,-0.05,-38.93
0.03,-0.04,-38.93
0.03,-0.04,-38.92
0.06,-0.03,-38.92
0.08,-0.03,-38.92
0.07,-0.03,-38.92
0.06,-0.02,-38.91
0.08,0.01,-38.90
0.07,0.01,-38.90
0.05,0.01,-38.90
0.04,0.01,-38.89
0.01,-0.01,-38.89
0.03,-0.01,-38.87
0.02,-0.01,-38.86
0.01,-0.00,-38.85
0.01,0.00,-38.84
0.02,0.02,-38.83
0.05,0.04,-38.82
0.04,0.04,-38.82
0.04,0.04,-38.82
0.03,0.01,-38.82
0.03,0.01,-38.82
0.05,0.01,-38.82
0.04,0.04,-38.82
0.05,0.01,-38.81
0.04,-0.01,-38.81
0.06,-0.01,-38.81
0.04,0.00,-38.81
0.04,0.00,-38.80
0.05,0.00,-38.80
0.01,-0.02,-38.81
0.04,-0.02,-38.81
0.04,-0.02,-38.82
0.04,-0.02,-38.82
0.06,0.00,-38.82
0.06,0.00,-38.83
0.05,0.00,-38.82
0.07,0.00,-38.82
0.08,0.00,-38.83
0.07,0.00,-38.83
0.05,0.01,-38.83
0.02,-0.01,-38.83
0.03,-0.00,-38.85
0.03,-0.03,-38.87
0.05,-0.05,-38.88
0.04,-0.06,-38.90
0.03,-0.07,-38.91
0.03,-0.05,-38.93
0.05,-0.01,-38.95
0.04,0.01,-38.98
0.04,-0.01,-39.01
0.04,0.02,-39.03
0.05,0.02,-39.06
0.02,0.02,-39.09
0.05,0.01,-39.07
0.04,-0.01,-39.05
0.04,0.01,-39.03
0.03,0.04,-39.01
0.02,0.06,-38.99
0.02,0.03,-38.96
0.01,0.00,-38.97
0.02,0.00,-38.98
0.04,-0.00,-38.99
0.04,-0.00,-39.00
0.03,-0.02,-39.01
0.03,-0.02,-39.02
0.02,-0.02,-39.01
0.05,-0.02,-39.00
0.04,-0.04,-39.00
0.03,-0.03,-38.99
0.03,-0.03,-38.98
0.03,-0.03,-38.98
0.05,-0.02,-38.97
0.04,-0.02,-38.96
0.05,-0.02,-38.95
0.07,-0.02,-38.95
0.04,0.01,-38.94
0.06,0.03,-38.94
0.05,0.03,-38.95
0.06,0.00,-38.97
0.04,-0.02,-38.98
0.03,-0.04,-38.99
0.05,-0.06,-39.01
0.07,-0.05,-39.02
0.06,-0.02,-39.02
0.05,-0.03,-39.01
0.06,-0.03,-39.01
0.06,-0.04,-39.00
0.07,-0.02,-39.00
0.06,-0.02,-39.00
0.06,-0.01,-38.98
0.06,-0.02,-38.96
0.05,-0.04,-38.94
0.04,-0.06,-38.92
0.03,-0.07,-38.90
0.03,-0.06,-38.88
0.03,-0.05,-38.89
0.05,-0.05,-38.89
0.06,-0.02,-38.90
0.05,0.01,-38.91
0.05,0.01,-38.91
0.04,0.01,-38.92
0.03,0.02,-38.92
0.04,0.03,-38.91
0.05,0.00,-38.90
0.06,-0.01,-38.90
0.05,-0.01,-38.89
0.04,-0.03,-38.89
0.04,-0.01,-38.87
0.06,-0.00,-38.86
0.05,0.02,-38.84
0.07,0.02,-38.83
0.06,0.02,-38.81
0.08,0.02,-38.80
0.13,0.01,-38.81
0.09,0.04,-38.82
0.08,0.04,-38.83
0.07,0.06,-38.84
0.06,0.05,-38.85
0.04,0.05,-38.86
0.06,0.04,-38.84
0.06,0.01,-38.83
0.03,-0.02,-38.82
0.02,0.01,-38.81
0.02,0.01,-38.80
-0.01,-0.01,-38.79
-0.00,0.01,-38.79
-0.00,0.03,-38.79
-0.01,0.03,-38.79
-0.01,0.03,-38.79
-0.01,0.05,-38.79
-0.02,0.07,-38.79
-0.00,0.03,-38.82
-0.01,0.05,-38.86
0.01,0.05,-38.89
0.01,0.04,-38.92
-0.01,0.04,-38.95
-0.01,0.01,-38.98
-0.01,0.02,-38.97
0.01,-0.01,-38.95
0.02,-0.00,-38.93
0.05,-0.01,-38.92
0.03,-0.03,-38.90
0.03,-0.03,-38.88
0.03,-0.02,-38.89
0.03,-0.02,-38.91
0.04,0.01,-38.92
0.03,0.01,-38.93
0.03,-0.01,-38.94
0.03,0.02,-38.95
0.03,0.04,-38.96
0.04,0.04,-38.97
0.02,0.04,-38.98
0.02,0.02,-38.99
0.01,0.02,-39.00
0.01,-0.01,-39.00
0.03,-0.00,-39.00
0.02,-0.01,-38.99
0.03,-0.01,-38.99
0.05,0.01,-38.99
0.04,0.01,-38.98
0.03,-0.02,-38.98
0.05,-0.04,-38.96
0.04,-0.04,-38.95
0.03,-0.03,-38.94
0.02,-0.03,-38.93
0.04,-0.04,-38.92
0.05,-0.04,-38.91
0.03,-0.06,-38.94
0.03,-0.08,-38.97
0.03,-0.08,-39.00
0.06,-0.05,-39.02
0.05,-0.04,-39.05
0.05,-0.04,-39.08
0.04,-0.03,-39.10
0.04,-0.03,-39.13
0.04,-0.01,-39.15
0.03,0.01,-39.17
0.02,0.03,-39.19
0.01,0.00,-39.21
0.01,0.02,-39.19
0.00,-0.01,-39.17
0.02,-0.01,-39.15
0.02,-0.00,-39.13
0.02,-0.00,-39.11
0.04,0.00,-39.10
0.03,0.00,-39.11
0.02,0.01,-39.13
0.03,-0.02,-39.15
0.03,-0.02,-39.17
0.03,-0.01,-39.18
0.06,-0.04,-39.20
0.05,-0.04,-39.18
0.02,-0.04,-39.16
0.03,-0.04,-39.14
0.03,-0.01,-39.12
0.01,-0.01,-39.11
0.03,-0.01,-39.09
0.00,0.03,-39.10
0.01,0.03,-39.10
0.04,0.03,-39.11
0.03,0.00,-39.11
0.05,0.03,-39.12
0.04,0.01,-39.13
0.06,0.02,-39.12
0.05,0.03,-39.12
0.07,0.03,-39.11
0.06,0.03,-39.11
0.05,0.03,-39.10
0.08,0.05,-39.10
0.05,0.07,-39.09
0.04,0.05,-39.07
0.06,0.04,-39.06
0.05,0.04,-39.05
0.04,0.04,-39.03
0.04,0.01,-39.02
0.04,0.03,-39.02
0.02,0.04,-39.03
0.02,0.03,-39.04
0.03,0.03,-39.04
0.02,0.03,-39.05
0.02,0.05,-39.06
0.01,0.05,-39.05
-0.00,0.02,-39.05
-0.00,0.03,-39.05
-0.01,0.03,-39.05
-0.00,0.02,-39.05
-0.01,0.02,-39.04
-0.01,0.02,-39.04
-0.03,0.05,-39.05
0.00,0.04,-39.05
0.01,0.04,-39.05
0.00,0.01,-39.05
-0.00,0.03,-39.06
-0.01,0.03,-39.05
-0.00,0.01,-39.05
-0.01,0.01,-39.05
-0.01,0.01,-39.05
0.01,0.03,-39.05
0.00,0.03,-39.05
0.02,0.03,-39.07
-0.00,0.03,-39.08
0.00,0.00,-39.10
0.00,0.02,-39.12
-0.01,0.02,-39.13
0.01,0.02,-39.15
0.03,0.02,-39.13
0.03,-0.01,-39.12
0.03,-0.00,-39.11
0.04,0.02,-39.09
0.01,0.02,-39.08
0.01,0.02,-39.07
0.01,0.02,-39.05
0.00,0.02,-39.04
0.00,-0.01,-39.03
-0.01,-0.00,-39.01
-0.03,0.01,-38.99
-0.01,0.01,-38.98
-0.01,0.03,-38.98
-0.00,0.02,-38.98
-0.00,0.01,-38.98
-0.03,0.01,-38.98
-0.02,-0.01,-38.97
-0.02,-0.01,-38.98
-0.03,-0.01,-38.97
-0.04,0.02,-38.96
-0.04,0.04,-38.95
-0.01,0.03,-38.94
-0.05,0.03,-38.93
-0.04,0.03,-38.92
-0.05,0.03,-38.93
-0.05,0.03,-38.93
-0.05,0.03,-38.94
-0.05,0.03,-38.95
-0.04,0.00,-38.95
-0.02,-0.00,-38.96
-0.01,-0.03,-38.97
0.01,-0.00,-38.98
0.00,-0.02,-38.99
-0.00,-0.04,-39.00
-0.00,-0.04,-39.01
0.02,-0.02,-39.02
0.01,-0.01,-39.00
0.01,0.01,-38.99
0.04,0.00,-38.98
0.03,-0.04,-38.97
0.02,-0.04,-38.95
0.04,-0.03,-38.94
0.01,-0.04,-38.95
0.01,-0.03,-38.96
0.01,-0.00,-38.97
0.00,-0.01,-38.97
0.02,-0.07,-38.98
0.07,-0.09,-38.99
0.09,-0.11,-38.99
0.05,-0.07,-38.99
0.02,0.00,-38.99
0.02,0.02,-38.98
0.02,-0.01,-38.98
0.02,-0.05,-38.98
0.01,-0.07,-38.97
-0.02,-0.03,-38.96
-0.01,-0.02,-38.95
-0.01,-0.01,-38.94
-0.02,-0.03,-38.94
0.00,-0.03,-38.93
0.00,-0.00,-38.93
-0.01,0.02,-38.94
-0.01,0.03,-38.94
-0.01,0.02,-38.95
0.01,0.02,-38.95
0.03,0.02,-38.96
0.02,-0.01,-38.96
0.01,-0.01,-38.96
0.00,-0.02,-38.97
0.02,-0.04,-38.97
0.03,-0.01,-38.97
0.05,0.01,-38.97
0.05,-0.02,-38.96
0.07,-0.04,-38.95
0.06,-0.05,-38.94
0.06,-0.05,-38.93
0.08,-0.05,-38.92
0.07,-0.05,-38.91
0.05,-0.02,-38.91
0.07,-0.02,-38.91
0.06,-0.02,-38.92
0.05,-0.02,-38.92
0.04,-0.01,-38.92
0.06,-0.01,-38.93
0.05,-0.01,-38.93
0.07,-0.00,-38.93
0.07,0.00,-38.93
0.06,-0.02,-38.94
0.06,-0.03,-38.94
0.07,-0.02,-38.94
0.05,-0.01,-38.92
0.05,-0.03,-38.90
0.04,-0.03,-38.89
0.04,-0.03,-38.87
0.03,-0.02,-38.86
0.04,-0.05,-38.84
0.03,-0.06,-38.85
0.02,-0.06,-38.86
0.02,-0.06,-38.87
0.04,-0.03,-38.88
0.05,-0.03,-38.89
0.04,-0.03,-38.90
0.05,-0.05,-38.88
0.05,-0.07,-38.87
0.07,-0.07,-38.85
0.07,-0.06,-38.84
0.08,-0.05,-38.83
0.07,-0.05,-38.81
0.06,-0.04,-38.79
0.08,-0.03,-38.78
0.07,-0.03,-38.76
0.05,-0.01,-38.75
0.04,0.02,-38.73
0.04,0.02,-38.72
0.06,0.01,-38.74
0.06,0.02,-38.75
0.08,0.04,-38.76
0.06,0.03,-38.78
0.05,0.03,-38.79
0.07,0.03,-38.80
0.07,0.02,-38.81
0.06,0.03,-38.81
0.06,0.05,-38.83
0.05,0.05,-38.83
0.07,0.05,-38.84
0.07,0.04,-38.85
0.06,0.04,-38.87
0.05,0.03,-38.89
0.06,0.03,-38.91
0.05,0.03,-38.93
0.04,0.03,-38.95
0.02,0.03,-38.98
0.02,0.02,-39.00
0.02,0.02,-39.03
0.01,0.05,-39.05
0.01,0.04,-39.08
0.03,0.02,-39.10
0.02,0.01,-39.12
0.04,0.01,-39.12
0.04,0.01,-39.10
0.03,0.01,-39.09
0.03,0.01,-39.08
0.05,0.01,-39.07
0.06,0.01,-39.06
0.06,-0.01,-39.04
0.05,-0.03,-39.03
0.02,-0.04,-39.01
0.04,-0.01,-38.99
0.07,-0.01,-38.97
0.06,-0.00,-38.96
0.08,-0.00,-38.96
0.09,-0.02,-38.96
0.08,-0.04,-38.96
0.07,-0.05,-38.97
0.07,-0.03,-38.97
0.06,-0.04,-38.97
0.07,-0.03,-38.98
0.07,-0.00,-38.98
0.09,-0.00,-38.98
0.11,0.00,-38.99
0.09,0.03,-38.99
0.06,-0.00,-38.99
0.05,-0.00,-38.98
0.04,-0.00,-38.96
0.03,0.02,-38.95
0.05,0.03,-38.94
0.04,0.04,-38.92
0.02,0.04,-38.91
0.05,0.04,-38.93
0.01,0.01,-38.95
0.01,0.01,-38.97
0.01,0.01,-38.99
0.01,0.02,-39.01
0.04,0.01,-39.02
0.04,-0.05,-38.99
0.06,-0.05,-38.96
0.05,-0.04,-38.93
0.04,-0.03,-38.90
0.01,-0.03,-38.87
0.00,-0.04,-38.84
-0.01,-0.04,-38.82
-0.02,-0.03,-38.80
0.01,-0.05,-38.78
0.03,-0.07,-38.75
0.03,-0.06,-38.73
0.04,-0.06,-38.71
0.05,-0.05,-38.74
0.07,-0.05,-38.77
0.07,-0.06,-38.81
0.08,-0.03,-38.84
0.08,-0.03,-38.86
0.07,0.00,-38.89
0.05,0.03,-38.88
0.04,0.03,-38.88
0.03,0.00,-38.86
0.02,-0.02,-38.86
0.02,-0.02,-38.85
0.02,0.00,-38.84
0.02,0.00,-38.84
0.05,-0.00,-38.84
0.04,0.03,-38.83
0.04,0.05,-38.83
0.06,0.02,-38.83
0.05,0.02,-38.83
0.07,0.02,-38.84
0.04,0.02,-38.85
0.04,0.04,-38.86
0.04,0.06,-38.87
0.03,0.06,-38.88
0.03,0.05,-38.88
0.02,0.07,-38.89
0.05,0.07,-38.90
0.07,0.06,-38.91
0.04,0.09,-38.92
0.03,0.06,-38.92
0.00,0.03,-38.93
-0.00,0.01,-38.91
0.00,0.03,-38.89
0.02,0.03,-38.87
0.02,0.03,-38.86
0.00,0.01,-38.84
0.02,0.03,-38.83
0.00,0.03,-38.84
-0.00,0.03,-38.86
-0.01,0.05,-38.87
-0.03,0.03,-38.88
-0.03,0.03,-38.90
-0.01,-0.03,-38.92
0.01,0.00,-38.93
-0.02,0.00,-38.93
-0.02,0.03,-38.93
-0.00,0.02,-38.93
-0.00,-0.00,-38.93
0.00,-0.02,-38.93
0.03,-0.02,-38.93
0.00,0.00,-38.93
0.03,0.00,-38.93
-0.00,-0.02,-38.93
-0.00,-0.02,-38.93
0.00,-0.04,-38.92
0.01,-0.03,-38.94
0.02,-0.03,-38.95
0.02,-0.03,-38.95
0.01,-0.05,-38.96
0.02,-0.05,-38.97
0.04,-0.03,-38.98
0.05,-0.03,-38.99
0.06,-0.03,-39.00
0.06,0.00,-39.01
0.05,0.00,-39.01
0.07,0.03,-39.02
0.06,0.00,-39.03
0.04,0.01,-39.01
0.02,-0.01,-39.00
0.01,-0.01,-38.98
0.01,-0.01,-38.97
0.00,-0.00,-38.96
-0.00,0.02,-38.94
-0.00,-0.00,-38.94
0.00,-0.01,-38.94
-0.00,-0.01,-38.94
0.01,-0.01,-38.94
0.00,-0.01,-38.94
-0.01,-0.01,-38.94
-0.00,-0.01,-38.93
-0.01,-0.00,-38.93
-0.01,-0.02,-38.92
-0.00,-0.05,-38.91
0.00,-0.04,-38.91
-0.00,-0.03,-38.90
0.01,-0.05,-38.91
0.01,-0.06,-38.92
0.01,-0.06,-38.93
0.00,-0.04,-38.94
0.00,-0.04,-38.95
0.01,-0.04,-38.96
0.03,-0.05,-38.99
0.03,-0.05,-39.01
0.01,-0.05,-39.04
0.00,-0.04,-39.06
-0.00,-0.03,-39.08
0.00,-0.01,-39.10
-0.03,-0.01,-39.13
-0.03,-0.01,-39.15
-0.02,0.01,-39.18
-0.02,0.02,-39.20
0.00,0.01,-39.21
0.00,0.01,-39.24
0.02,0.01,-39.22
0.02,0.00,-39.20
0.01,0.03,-39.18
0.01,0.03,-39.16
-0.00,0.06,-39.15
0.00,0.05,-39.13
0.02,0.04,-39.12
0.02,0.02,-39.12
0.02,0.03,-39.11
-0.00,0.02,-39.11
0.01,0.03,-39.11
0.01,0.01,-39.11
0.01,0.01,-39.10
0.00,0.01,-39.09
0.00,0.03,-39.08
0.00,0.04,-39.07
0.02,0.04,-39.06
0.02,0.04,-39.06
0.04,0.04,-39.06
0.06,0.06,-39.07
0.05,0.05,-39.07
0.07,0.05,-39.08
0.08,0.04,-39.08
0.06,0.02,-39.08
0.05,0.02,-39.08
0.05,0.02,-39.08
0.07,0.01,-39.07
0.05,-0.01,-39.07
0.02,-0.01,-39.06
0.03,-0.01,-39.06
0.01,-0.01,-39.04
0.01,-0.03,-39.03
0.01,-0.02,-39.01
0.00,-0.01,-39.00
0.00,-0.00,-38.99
0.00,0.00,-38.97
-0.04,0.02,-38.98
-0.04,0.02,-38.99
-0.03,0.02,-39.00
-0.03,0.04,-39.01
-0.05,0.01,-39.01
-0.07,0.01,-39.02
-0.05,-0.01,-39.02
-0.06,-0.02,-39.02
-0.05,0.01,-39.02
-0.05,-0.02,-39.02
-0.04,-0.04,-39.02
-0.04,-0.03,-39.02
-0.01,-0.03,-39.03
-0.03,-0.04,-39.03
-0.03,-0.04,-39.03
-0.03,-0.03,-39.04
-0.05,-0.05,-39.04
-0.05,-0.04,-39.05
-0.05,-0.01,-39.05
-0.05,0.01,-39.05
-0.04,0.03,-39.06
-0.04,0.02,-39.06
-0.04,0.02,-39.07
-0.03,0.01,-39.08
-0.04,0.03,-39.08
-0.02,0.03,-39.08
-0.01,0.00,-39.08
-0.01,0.00,-39.09
0.01,-0.03,-39.09
0.01,-0.05,-39.09
0.02,-0.05,-39.09
0.01,-0.04,-39.10
0.03,-0.04,-39.09
0.03,-0.03,-39.09
0.03,-0.05,-39.09
0.02,-0.05,-39.09
0.02,-0.05,-39.09
0.02,-0.06,-39.09
0.01,-0.06,-39.10
0.02,-0.06,-39.09
-0.01,-0.07,-39.09
0.02,-0.06,-39.09
0.01,-0.06,-39.11
0.02,-0.05,-39.12
0.05,-0.03,-39.14
0.04,-0.03,-39.15
0.07,-0.02,-39.17
0.04,-0.02,-39.18
0.04,-0.02,-39.17
0.04,-0.02,-39.16
0.03,-0.01,-39.15
0.03,-0.02,-39.14
0.03,-0.01,-39.13
0.03,-0.01,-39.13
0.03,-0.01,-39.14
0.04,-0.01,-39.16
0.04,-0.01,-39.17
0.04,-0.02,-39.19
0.03,0.02,-39.20
0.01,0.02,-39.21
0.01,0.03,-39.22
0.01,0.03,-39.24
-0.02,0.03,-39.24
-0.04,0.04,-39.25
-0.02,0.04,-39.26
-0.03,0.02,-39.27
-0.00,0.02,-39.26
-0.01,0.02,-39.25
-0.01,-0.00,-39.24
0.01,-0.01,-39.23
-0.01,-0.01,-39.22
0.00,0.02,-39.21
0.01,-0.01,-39.21
0.03,-0.00,-39.22
0.03,-0.00,-39.22
0.03,-0.02,-39.22
0.04,-0.02,-39.22
0.05,-0.01,-39.22
0.06,-0.03,-39.21
0.06,-0.03,-39.19
0.05,-0.03,-39.18
0.05,-0.02