0.00,-0.00,-0.00
-0.03,-0.02,-0.00
-0.05,-0.02,-0.01
-0.04,-0.07,-0.01
-0.06,-0.05,-0.01
-0.07,-0.04,-0.01
-0.07,-0.04,0.22
-0.06,-0.04,0.45
-0.07,-0.03,0.67
-0.09,-0.06,0.88
-0.07,-0.03,1.09
-0.06,-0.03,1.29
-0.08,-0.00,1.51
-0.10,-0.02,1.72
-0.09,0.02,1.93
-0.09,0.02,2.13
-0.10,0.01,2.33
-0.11,0.03,2.52
-0.12,0.03,2.70
-0.12,0.03,2.88
-0.10,0.02,3.06
-0.09,0.02,3.22
-0.07,-0.00,3.39
-0.08,-0.00,3.55
-0.07,-0.00,3.71
-0.07,-0.03,3.88
-0.05,-0.03,4.03
-0.05,-0.02,4.18
-0.07,-0.04,4.32
-0.06,-0.07,4.46
-0.07,-0.06,4.56
-0.08,-0.03,4.65
-0.09,-0.03,4.74
-0.10,-0.01,4.82
-0.09,-0.01,4.90
-0.08,-0.01,4.99
-0.09,0.02,5.09
-0.10,0.01,5.18
-0.09,0.03,5.27
-0.10,0.03,5.37
-0.11,0.02,5.45
-0.07,0.02,5.54
-0.06,0.02,5.71
-0.05,0.01,5.88
-0.04,0.01,6.05
-0.05,0.03,6.21
-0.05,0.03,6.36
-0.04,0.05,6.52
-0.04,0.05,6.54
-0.05,0.05,6.56
-0.08,0.04,6.57
-0.06,0.04,6.59
-0.06,0.03,6.61
-0.06,0.02,6.63
-0.05,-0.01,6.78
-0.06,-0.01,6.93
-0.08,-0.00,7.08
-0.07,0.00,7.22
-0.05,0.02,7.36
-0.04,0.05,7.49
-0.03,0.04,7.62
-0.05,0.01,7.74
-0.06,0.01,7.86
-0.07,-0.01,7.98
-0.09,-0.03,8.09
-0.07,-0.03,8.20
-0.06,-0.03,8.25
-0.09,-0.03,8.29
-0.08,-0.03,8.33
-0.07,-0.03,8.37
-0.08,-0.03,8.40
-0.07,-0.05,8.44
-0.05,-0.06,8.48
-0.07,-0.05,8.52
-0.08,-0.04,8.56
-0.10,-0.04,8.60
-0.08,-0.05,8.64
-0.10,-0.07,8.68
-0.10,-0.05,8.68
-0.11,-0.08,8.68
-0.09,-0.10,8.69
-0.07,-0.09,8.70
-0.09,-0.08,8.71
-0.09,-0.07,8.71
-0.08,-0.07,8.72
-0.09,-0.06,8.72
-0.07,-0.08,8.73
-0.09,-0.08,8.74
-0.10,-0.07,8.74
-0.08,-0.07,8.74
-0.08,-0.07,8.79
-0.08,-0.07,8.84
-0.10,-0.07,8.88
-0.09,-0.04,8.93
-0.11,-0.04,8.97
-0.12,-0.06,9.01
-0.13,-0.05,9.08
-0.15,-0.05,9.14
-0.16,-0.05,9.21
-0.17,-0.05,9.27
-0.15,-0.06,9.33
-0.16,-0.05,9.38
-0.16,-0.05,9.38
-0.14,-0.04,9.36
-0.15,-0.03,9.35
-0.16,-0.03,9.34
-0.16,-0.04,9.33
-0.14,-0.01,9.32
-0.12,-0.01,9.32
-0.11,0.01,9.32
-0.08,0.01,9.32
-0.08,0.01,9.32
-0.07,0.03,9.33
-0.10,0.02,9.33
-0.09,0.02,9.35
-0.07,0.02,9.37
-0.10,-0.01,9.38
-0.11,-0.00,9.40
-0.13,0.02,9.42
-0.10,-0.04,9.44
-0.07,-0.06,9.44
-0.09,-0.03,9.44
-0.07,-0.00,9.45
-0.06,0.00,9.45
-0.09,-0.00,9.46
-0.07,-0.02,9.46
-0.07,-0.05,9.54
-0.08,-0.02,9.63
-0.08,0.00,9.71
-0.09,-0.00,9.79
-0.07,0.00,9.87
-0.07,0.00,9.94
-0.06,-0.00,10.01
-0.05,-0.01,10.08
-0.04,-0.01,10.14
-0.03,-0.03,10.20
-0.03,-0.03,10.26
-0.06,-0.03,10.32
-0.05,-0.04,10.28
-0.06,-0.03,10.24
-0.06,-0.03,10.20
-0.05,-0.00,10.15
-0.04,-0.00,10.11
-0.04,-0.01,10.07
-0.03,-0.04,10.07
-0.03,-0.04,10.06
-0.03,-0.06,10.06
-0.03,-0.05,10.05
-0.04,-0.05,10.04
-0.03,-0.05,10.03
-0.02,-0.10,10.04
-0.02,-0.11,10.03
-0.02,-0.10,10.03
-0.01,-0.09,10.03
-0.03,-0.06,10.03
-0.02,-0.05,10.03
-0.01,-0.05,9.97
-0.00,-0.04,9.91
-0.01,-0.07,9.85
-0.03,-0.04,9.79
-0.05,-0.06,9.73
-0.08,-0.06,9.68
-0.06,-0.08,9.63
-0.05,-0.09,9.59
-0.07,-0.11,9.55
-0.05,-0.11,9.51
-0.04,-0.11,9.47
-0.01,-0.10,9.44
-0.01,-0.11,9.46
-0.03,-0.07,9.49
-0.04,-0.06,9.51
-0.07,-0.04,9.53
-0.08,-0.04,9.55
-0.07,-0.03,9.58
-0.07,-0.03,9.54
-0.07,-0.04,9.50
-0.06,-0.06,9.47
-0.07,-0.08,9.43
-0.07,-0.09,9.40
-0.08,-0.06,9.36
-0.10,-0.05,9.43
-0.14,-0.08,9.50
-0.12,-0.09,9.56
-0.13,-0.08,9.63
-0.12,-0.06,9.69
-0.10,-0.05,9.75
-0.09,-0.05,9.84
-0.10,-0.02,9.93
-0.08,-0.05,10.02
-0.09,-0.05,10.10
-0.09,-0.05,10.19
-0.10,-0.07,10.27
-0.11,-0.10,10.22
-0.10,-0.10,10.18
-0.10,-0.07,10.14
-0.09,-0.05,10.10
-0.09,-0.05,10.07
-0.10,-0.05,10.03
-0.09,-0.05,10.09
-0.10,-0.05,10.14
-0.09,-0.04,10.19
-0.08,-0.03,10.24
-0.10,-0.03,10.29
-0.08,-0.05,10.34
-0.10,-0.01,10.30
-0.08,-0.01,10.26
-0.07,0.01,10.23
-0.06,0.00,10.19
-0.07,-0.00,10.15
-0.06,0.00,10.12
-0.06,-0.03,10.08
-0.07,-0.00,10.03
-0.06,-0.02,9.98
-0.05,-0.04,9.93
-0.05,-0.04,9.89
-0.06,-0.03,9.84
-0.06,-0.06,9.86
-0.07,-0.05,9.87
-0.09,-0.05,9.88
-0.08,-0.05,9.90
-0.08,-0.04,9.92
-0.13,-0.08,9.93
-0.06,-0.07,9.93
-0.05,-0.03,9.93
-0.12,-0.00,9.93
-0.08,-0.01,9.93
-0.07,-0.00,9.93
-0.11,-0.03,9.94
-0.09,-0.03,9.92
-0.11,-0.05,9.90
-0.11,-0.05,9.88
-0.10,-0.04,9.86
-0.11,-0.04,9.84
-0.10,-0.04,9.82
-0.08,-0.03,9.83
-0.09,-0.03,9.84
-0.11,-0.03,9.85
-0.09,-0.03,9.85
-0.08,-0.00,9.86
-0.07,-0.01,9.86
-0.09,-0.04,9.92
-0.11,-0.01,9.97
-0.11,0.00,10.02
-0.09,-0.02,10.07
-0.09,-0.05,10.12
-0.08,-0.07,10.17
-0.07,-0.09,10.15
-0.07,-0.08,10.14
-0.07,-0.10,10.12
-0.06,-0.08,10.11
-0.08,-0.08,10.10
-0.07,-0.09,10.08
-0.06,-0.11,10.11
-0.06,-0.10,10.13
-0.07,-0.09,10.15
-0.06,-0.10,10.17
-0.08,-0.09,10.19
-0.10,-0.08,10.20
-0.11,-0.08,10.10
-0.10,-0.07,10.01
-0.08,-0.06,9.91
-0.07,-0.07,9.82
-0.06,-0.08,9.73
-0.06,-0.05,9.64
-0.07,-0.05,9.54
-0.06,-0.04,9.45
-0.08,-0.04,9.36
-0.09,-0.04,9.28
-0.08,-0.06,9.19
-0.07,-0.05,9.10
-0.08,-0.04,9.16
-0.06,-0.04,9.21
-0.09,-0.04,9.26
-0.08,-0.04,9.31
-0.07,-0.02,9.36
-0.09,-0.03,9.41
-0.07,-0.06,9.40
-0.06,-0.03,9.38
-0.06,-0.01,9.37
-0.02,-0.00,9.36
-0.04,-0.03,9.34
-0.05,-0.02,9.33
-0.05,-0.03,9.34
-0.07,-0.02,9.35
-0.08,0.00,9.36
-0.06,0.03,9.37
-0.05,0.02,9.39
-0.03,0.02,9.40
-0.03,-0.01,9.42
-0.04,0.02,9.44
-0.05,0.02,9.46
-0.07,0.01,9.48
-0.07,0.00,9.50
-0.08,-0.01,9.52
-0.09,-0.02,9.51
-0.10,-0.02,9.50
-0.09,-0.03,9.50
-0.11,-0.03,9.49
-0.11,-0.03,9.48
-0.12,-0.01,9.47
-0.09,0.02,9.45
-0.06,-0.01,9.42
-0.08,-0.01,9.39
-0.07,-0.03,9.36
-0.08,-0.02,9.34
-0.07,-0.02,9.31
-0.09,-0.02,9.32
-0.07,-0.05,9.34
-0.06,-0.05,9.35
-0.06,-0.04,9.36
-0.05,-0.04,9.37
-0.04,-0.04,9.38
-0.06,-0.03,9.36
-0.07,-0.03,9.35
-0.08,-0.03,9.34
-0.10,-0.03,9.33
-0.12,-0.05,9.32
-0.10,-0.04,9.31
-0.09,-0.06,9.29
-0.10,-0.04,9.27
-0.11,-0.06,9.26
-0.10,-0.05,9.24
-0.10,-0.08,9.23
-0.09,-0.10,9.21
-0.07,-0.08,9.26
-0.10,-0.08,9.31
-0.08,-0.09,9.36
-0.10,-0.08,9.40
-0.09,-0.08,9.45
-0.10,-0.07,9.50
-0.10,-0.07,9.47
-0.11,-0.06,9.45
-0.10,-0.05,9.42
-0.11,-0.06,9.40
-0.12,-0.05,9.38
-0.10,-0.05,9.36
-0.09,-0.04,9.35
-0.08,-0.04,9.35
-0.08,-0.06,9.34
-0.10,-0.05,9.33
-0.11,-0.02,9.33
-0.13,-0.03,9.32
-0.14,-0.03,9.40
-0.12,-0.03,9.48
-0.11,-0.03,9.56
-0.09,-0.02,9.63
-0.10,-0.04,9.71
-0.11,-0.03,9.78
-0.12,-0.01,9.81
-0.11,-0.01,9.84
-0.13,-0.01,9.87
-0.14,-0.03,9.89
-0.13,-0.04,9.92
-0.14,-0.04,9.94
-0.13,-0.04,9.97
-0.13,-0.04,9.99
-0.11,-0.04,10.02
-0.10,-0.04,10.05
-0.08,-0.04,10.07
-0.09,-0.03,10.09
-0.07,-0.03,10.08
-0.07,-0.05,10.07
-0.08,-0.04,10.06
-0.09,-0.03,10.05
-0.10,-0.04,10.04
-0.09,-0.07,10.04
-0.08,-0.04,10.04
-0.09,-0.02,10.05
-0.10,-0.02,10.05
-0.11,-0.01,10.06
-0.10,-0.03,10.06
-0.08,-0.03,10.06
-0.07,-0.06,10.01
-0.06,-0.05,9.95
-0.08,-0.05,9.90
-0.09,-0.05,9.85
-0.11,-0.04,9.79
-0.09,-0.03,9.74
-0.07,-0.05,9.77
-0.09,-0.04,9.79
-0.08,-0.06,9.81
-0.08,-0.08,9.83
-0.09,-0.09,9.86
-0.08,-0.08,9.88
-0.07,-0.06,9.83
-0.07,-0.06,9.79
-0.07,-0.06,9.75
-0.05,-0.08,9.70
-0.07,-0.09,9.66
-0.09,-0.08,9.62
-0.06,-0.07,9.57
-0.05,-0.07,9.52
-0.06,-0.06,9.48
-0.05,-0.06,9.43
-0.05,-0.08,9.39
-0.07,-0.05,9.34
-0.06,-0.04,9.36
-0.04,-0.03,9.38
-0.05,-0.04,9.40
-0.05,-0.05,9.42
-0.06,-0.05,9.44
-0.08,-0.06,9.45
-0.07,-0.08,9.43
-0.06,-0.08,9.41
-0.05,-0.06,9.39
-0.08,-0.08,9.37
-0.10,-0.05,9.35
-0.11,-0.06,9.33
-0.10,-0.06,9.36
-0.09,-0.05,9.39
-0.08,-0.04,9.42
-0.09,-0.04,9.45
-0.11,-0.04,9.48
-0.12,-0.06,9.51
-0.13,-0.08,9.55
-0.14,-0.07,9.58
-0.16,-0.07,9.61
-0.14,-0.09,9.64
-0.13,-0.08,9.68
-0.15,-0.05,9.71
-0.16,-0.08,9.69
-0.14,-0.07,9.68
-0.15,-0.07,9.67
-0.13,-0.07,9.66
-0.13,-0.06,9.65
-0.15,-0.03,9.64
-0.15,-0.01,9.62
-0.13,-0.04,9.60
-0.11,-0.04,9.59
-0.14,-0.06,9.57
-0.14,-0.04,9.56
-0.14,-0.03,9.54
-0.12,-0.02,9.57
-0.10,-0.02,9.60
-0.11,-0.02,9.62
-0.10,-0.03,9.65
-0.11,-0.02,9.67
-0.11,-0.02,9.69
-0.10,-0.02,9.70
-0.10,-0.02,9.70
-0.09,-0.02,9.71
-0.10,-0.02,9.72
-0.08,-0.04,9.73
-0.06,-0.06,9.74
-0.08,-0.06,9.69
-0.06,-0.05,9.64
-0.05,-0.04,9.59
-0.04,-0.04,9.54
-0.04,-0.01,9.49
-0.03,-0.01,9.45
-0.02,-0.00,9.50
-0.02,-0.03,9.56
-0.05,-0.03,9.61
-0.05,-0.02,9.66
-0.06,-0.02,9.71
-0.07,-0.02,9.76
-0.07,-0.04,9.71
-0.06,-0.04,9.68
-0.06,-0.02,9.65
-0.08,-0.04,9.61
-0.07,-0.01,9.58
-0.09,0.01,9.54
-0.08,0.03,9.52
-0.06,0.02,9.49
-0.08,0.01,9.47
-0.07,0.01,9.44
-0.07,0.01,9.41
-0.09,0.00,9.39
-0.07,-0.02,9.39
-0.08,-0.04,9.39
-0.07,-0.03,9.39
-0.09,-0.00,9.40
-0.08,-0.03,9.40
-0.09,-0.00,9.40
-0.08,0.02,9.37
-0.07,0.02,9.33
-0.09,-0.00,9.30
-0.09,-0.02,9.26
-0.09,-0.04,9.23
-0.10,-0.01,9.19
-0.11,-0.01,9.25
-0.13,-0.02,9.31
-0.09,-0.02,9.36
-0.08,-0.03,9.42
-0.07,-0.05,9.47
-0.06,-0.05,9.52
-0.08,-0.05,9.49
-0.09,-0.04,9.46
-0.07,-0.06,9.43
-0.08,-0.05,9.40
-0.06,-0.04,9.37
-0.05,-0.06,9.34
-0.06,-0.04,9.31
-0.05,-0.03,9.29
-0.07,-0.02,9.26
-0.07,-0.02,9.24
-0.06,-0.02,9.21
-0.05,-0.01,9.19
-0.07,-0.01,9.17
-0.06,0.01,9.16
-0.07,0.01,9.14
-0.08,0.00,9.13
-0.07,-0.02,9.11
-0.07,0.00,9.10
-0.09,-0.00,9.14
-0.09,-0.00,9.17
-0.10,0.00,9.21
-0.09,-0.00,9.25
-0.08,-0.00,9.28
-0.08,0.01,9.31
-0.09,-0.04,9.29
-0.09,-0.03,9.26
-0.08,-0.03,9.24
-0.07,-0.02,9.22
-0.06,-0.02,9.19
-0.05,-0.01,9.17
-0.03,-0.02,9.14
-0.03,-0.02,9.10
-0.05,-0.02,9.07
-0.06,-0.04,9.03
-0.08,-0.06,9.00
-0.07,-0.05,8.97
-0.09,-0.06,9.06
-0.08,-0.03,9.13
-0.09,-0.04,9.21
-0.08,-0.04,9.29
-0.10,-0.06,9.36
-0.09,-0.05,9.43
-0.08,-0.05,9.38
-0.08,-0.05,9.34
-0.07,-0.05,9.30
-0.09,-0.05,9.26
-0.07,-0.04,9.21
-0.10,-0.04,9.17
-0.09,-0.06,9.18
-0.07,-0.06,9.18
-0.06,-0.05,9.19
-0.08,-0.06,9.20
-0.07,-0.09,9.21
-0.06,-0.07,9.21
-0.09,-0.07,9.21
-0.10,-0.03,9.21
-0.09,-0.02,9.21
-0.11,-0.02,9.20
-0.09,-0.01,9.20
-0.07,-0.01,9.20
-0.07,-0.01,9.14
-0.08,0.02,9.08
-0.10,0.01,9.02
-0.09,0.01,8.97
-0.08,0.02,8.91
-0.07,0.04,8.86
-0.06,0.01,8.92
-0.07,0.01,8.99
-0.07,0.02,9.06
-0.07,0.02,9.12
-0.05,0.02,9.18
-0.07,0.01,9.25
-0.08,0.01,9.27
-0.07,-0.01,9.29
-0.09,0.01,9.31
-0.07,-0.02,9.33
-0.09,-0.01,9.35
-0.10,-0.02,9.37
-0.09,-0.01,9.41
-0.08,-0.01,9.45
-0.09,0.01,9.49
-0.08,0.02,9.52
-0.09,0.02,9.55
-0.10,-0.01,9.59
-0.08,-0.01,9.58
-0.09,-0.00,9.58
-0.11,-0.01,9.58
-0.13,-0.01,9.58
-0.11,-0.02,9.58
-0.10,-0.04,9.58
-0.09,-0.04,9.65
-0.08,-0.04,9.71
-0.07,-0.04,9.78
-0.08,-0.06,9.84
-0.07,-0.05,9.90
-0.09,-0.04,9.97
-0.07,-0.03,9.85
-0.09,-0.01,9.73
-0.10,-0.01,9.62
-0.11,-0.04,9.52
-0.12,-0.04,9.41
-0.11,-0.04,9.31
-0.12,-0.04,9.24
-0.13,-0.02,9.18
-0.12,0.01,9.12
-0.09,-0.02,9.06
-0.11,-0.04,9.00
-0.10,-0.01,8.95
-0.08,-0.00,8.99
-0.09,0.00,9.04
-0.07,0.00,9.08
-0.07,-0.02,9.12
-0.08,-0.02,9.16
-0.08,-0.01,9.20
-0.08,-0.01,9.13
-0.06,-0.03,9.07
-0.08,-0.01,9.01
-0.07,-0.03,8.95
-0.07,-0.02,8.90
-0.08,-0.00,8.84
-0.09,0.00,8.87
-0.11,-0.03,8.91
-0.12,-0.05,8.94
-0.13,-0.06,8.98
-0.11,-0.08,9.01
-0.13,-0.06,9.05
-0.14,-0.08,9.03
-0.14,-0.07,9.02
-0.13,-0.06,9.01
-0.14,-0.08,8.99
-0.15,-0.07,8.98
-0.16,-0.07,8.97
-0.15,-0.09,8.98
-0.15,-0.08,8.99
-0.13,-0.07,9.00
-0.12,-0.06,9.01
-0.13,-0.06,9.02
-0.12,-0.08,9.03
-0.11,-0.06,9.11
-0.12,-0.05,9.20
-0.10,-0.04,9.28
-0.08,-0.06,9.36
-0.07,-0.10,9.44
-0.07,-0.09,9.52
-0.06,-0.06,9.46
-0.10,-0.05,9.40
-0.10,-0.02,9.35
-0.09,-0.03,9.30
-0.10,-0.03,9.25
-0.10,-0.02,9.20
-0.08,-0.04,9.23
-0.10,-0.04,9.26
-0.11,-0.03,9.29
-0.10,-0.03,9.32
-0.10,-0.06,9.34
-0.09,-0.03,9.37
-0.09,-0.03,9.39
-0.10,-0.01,9.41
-0.09,-0.03,9.43
-0.10,-0.05,9.44
-0.11,-0.04,9.46
-0.10,-0.06,9.47
-0.08,-0.06,9.48
-0.10,-0.06,9.50
-0.10,-0.05,9.51
-0.08,-0.05,9.53
-0.09,-0.04,9.54
-0.07,-0.03,9.55
-0.08,-0.03,9.52
-0.07,-0.05,9.49
-0.06,-0.05,9.46
-0.06,-0.05,9.44
-0.05,-0.04,9.41
-0.05,-0.04,9.38
-0.04,-0.02,9.36
-0.05,0.00,9.35
-0.07,0.00,9.34
-0.06,0.00,9.32
-0.06,-0.00,9.31
-0.05,-0.03,9.29
-0.05,-0.02,9.29
-0.04,-0.02,9.29
-0.07,-0.04,9.29
-0.06,-0.04,9.29
-0.04,-0.03,9.29
-0.06,0.00,9.29
-0.08,-0.03,9.24
-0.08,0.00,9.19
-0.08,0.01,9.14
-0.07,0.00,9.09
-0.07,0.03,9.05
-0.07,-0.00,9.00
-0.06,-0.02,9.05
-0.08,0.01,9.09
-0.09,0.00,9.13
-0.08,0.00,9.18
-0.09,0.00,9.22
-0.08,0.00,9.26
-0.07,0.00,9.26
-0.08,-0.01,9.27
-0.07,0.01,9.27
-0.06,-0.01,9.27
-0.05,-0.01,9.28
-0.04,0.01,9.28
-0.03,-0.01,9.25
-0.05,-0.02,9.23
-0.05,-0.02,9.20
-0.04,-0.04,9.18
-0.03,-0.03,9.15
-0.03,-0.05,9.13
-0.05,-0.04,9.09
-0.07,-0.04,9.06
-0.07,-0.05,9.02
-0.06,-0.06,8.98
-0.05,-0.05,8.95
-0.07,-0.07,8.92
-0.09,-0.09,8.90
-0.10,-0.04,8.88
-0.10,-0.04,8.86
-0.09,-0.03,8.84
-0.10,-0.02,8.82
-0.08,-0.02,8.79
-0.09,-0.04,8.83
-0.11,-0.02,8.86
-0.12,-0.02,8.89
-0.11,-0.00,8.92
-0.12,-0.02,8.96
-0.10,-0.01,8.99
-0.10,-0.01,9.03
-0.09,-0.01,9.07
-0.10,-0.01,9.11
-0.09,-0.02,9.15
-0.11,-0.04,9.19
-0.10,-0.06,9.23
-0.08,-0.04,9.27
-0.07,-0.04,9.31
-0.09,-0.04,9.35
-0.09,-0.01,9.39
-0.10,-0.02,9.43
-0.11,-0.02,9.47
-0.10,-0.04,9.44
-0.09,-0.03,9.42
-0.11,-0.03,9.39
-0.09,-0.03,9.37
-0.11,-0.03,9.35
-0.11,-0.05,9.33
-0.12,-0.06,9.42
-0.11,-0.06,9.51
-0.11,-0.06,9.60
-0.10,-0.05,9.69
-0.09,-0.04,9.77
-0.07,-0.04,9.86
-0.06,-0.02,9.81
-0.06,-0.04,9.76
-0.05,-0.04,9.71
-0.06,-0.06,9.66
-0.08,-0.06,9.61
-0.07,-0.06,9.57
-0.06,-0.05,9.52
-0.08,-0.04,9.47
-0.09,-0.04,9.43
-0.08,-0.04,9.38
-0.10,-0.02,9.34
-0.09,-0.02,9.30
-0.07,0.01,9.36
-0.09,-0.02,9.41
-0.08,-0.04,9.47
-0.08,-0.04,9.52
-0.07,-0.04,9.57
-0.03,-0.06,9.62
-0.04,-0.05,9.54
-0.04,-0.02,9.45
-0.03,-0.03,9.38
-0.02,-0.03,9.30
-0.02,-0.03,9.23
-0.04,-0.02,9.16
-0.05,-0.02,9.13
-0.04,-0.03,9.10
-0.04,-0.03,9.07
-0.03,-0.05,9.04
-0.03,-0.05,9.01
-0.05,-0.04,8.98
-0.05,-0.06,8.97
-0.04,-0.06,8.95
-0.03,-0.02,8.93
-0.02,-0.02,8.91
-0.02,-0.02,8.89
-0.04,-0.04,8.87
-0.04,-0.06,8.84
-0.03,-0.06,8.81
-0.06,-0.06,8.77
-0.08,-0.06,8.74
-0.07,-0.06,8.70
-0.08,-0.05,8.67
-0.07,-0.05,8.62
-0.06,-0.04,8.57
-0.07,-0.03,8.51
-0.10,-0.05,8.46
-0.09,-0.05,8.42
-0.07,-0.04,8.37
-0.07,-0.03,8.42
-0.08,-0.04,8.48
-0.10,-0.03,8.54
-0.09,-0.03,8.59
-0.08,-0.02,8.65
-0.04,-0.02,8.70
-0.04,-0.02,8.75
-0.04,-0.02,8.80
-0.03,0.00,8.85
-0.04,-0.02,8.89
-0.05,-0.04,8.94
-0.06,-0.04,8.99
-0.05,-0.03,8.99
-0.04,-0.03,8.99
-0.05,0.00,8.98
-0.07,0.02,8.98
-0.07,-0.00,8.98
-0.06,-0.00,8.98
-0.07,-0.00,9.04
-0.06,0.02,9.09
-0.07,0.02,9.14
-0.08,0.02,9.20
-0.07,0.02,9.25
-0.07,0.03,9.30
-0.07,0.05,9.31
-0.06,0.07,9.31
-0.05,0.05,9.32
-0.08,0.02,9.32
-0.09,0.02,9.33
-0.08,0.02,9.34
-0.10,0.02,9.35
-0.12,0.01,9.37
-0.13,-0.01,9.38
-0.12,-0.04,9.40
-0.10,-0.02,9.41
-0.09,-0.03,9.43
-0.08,-0.01,9.50
-0.08,-0.01,9.57
-0.06,-0.03,9.64
-0.06,-0.05,9.71
-0.04,-0.07,9.77
-0.06,-0.07,9.84
-0.08,-0.04,9.81
-0.07,-0.04,9.78
-0.08,-0.03,9.76
-0.10,-0.03,9.73
-0.09,-0.03,9.71
-0.09,-0.03,9.68
-0.10,-0.01,9.65
-0.11,-0.01,9.62
-0.09,-0.01,9.59
-0.08,-0.01,9.56
-0.07,-0.01,9.53
-0.07,-0.01,9.50
-0.07,-0.01,9.49
-0.09,0.01,9.47
-0.08,0.01,9.45
-0.10,0.00,9.43
-0.11,-0.00,9.41
-0.12,-0.00,9.39
-0.11,-0.02,9.40
-0.09,-0.05,9.41
-0.08,-0.04,9.42
-0.08,-0.03,9.42
-0.08,-0.03,9.42
-0.10,-0.03,9.43
-0.08,-0.03,9.41
-0.07,-0.02,9.40
-0.07,-0.03,9.38
-0.06,-0.05,9.37
-0.08,-0.05,9.36
-0.07,-0.05,9.34
-0.06,-0.05,9.35
-0.07,-0.04,9.36
-0.07,-0.05,9.36
-0.09,-0.07,9.37
-0.08,-0.06,9.38
-0.07,-0.07,9.38
-0.06,-0.04,9.34
-0.05,-0.04,9.30
-0.07,-0.06,9.26
-0.09,-0.03,9.22
-0.08,-0.03,9.19
-0.08,-0.02,9.15
-0.07,-0.02,9.11
-0.04,-0.02,9.08
-0.03,-0.04,9.05
-0.03,-0.03,9.01
-0.03,-0.03,8.98
-0.05,-0.01,8.95
-0.06,-0.01,8.96
-0.08,-0.04,8.97
-0.10,-0.06,8.97
-0.09,-0.05,8.98
-0.04,-0.04,8.99
-0.06,-0.06,8.99
-0.06,-0.06,8.96
-0.05,-0.03,8.93
-0.07,-0.06,8.91
-0.08,-0.07,8.89
-0.10,-0.04,8.86
-0.09,-0.07,8.83
-0.08,-0.06,8.90
-0.07,-0.05,8.97
-0.08,-0.05,9.05
-0.10,-0.05,9.12
-0.09,-0.05,9.18
-0.10,-0.02,9.24
-0.08,-0.01,9.30
-0.08,-0.03,9.36
-0.07,-0.01,9.42
-0.06,-0.01,9.48
-0.07,-0.01,9.53
-0.09,-0.01,9.58
-0.07,-0.00,9.55
-0.09,-0.00,9.51
-0.09,-0.03,9.48
-0.08,-0.03,9.45
-0.07,-0.02,9.42
-0.09,-0.04,9.38
-0.08,-0.05,9.38
-0.08,-0.06,9.37
-0.09,-0.06,9.38
-0.08,-0.05,9.38
-0.09,-0.05,9.37
-0.08,-0.07,9.37
-0.10,-0.06,9.38
-0.11,-0.05,9.39
-0.12,-0.07,9.40
-0.13,-0.09,9.40
-0.12,-0.08,9.41
-0.14,-0.07,9.42
-0.13,-0.06,9.44
-0.11,-0.06,9.46
-0.09,-0.05,9.48
-0.10,-0.04,9.49
-0.09,-0.06,9.51
-0.08,-0.10,9.53
-0.11,-0.07,9.51
-0.12,-0.06,9.49
-0.11,-0.08,9.46
-0.13,-0.07,9.44
-0.12,-0.07,9.42
-0.11,-0.06,9.40
-0.11,-0.06,9.42
-0.11,-0.06,9.44
-0.13,-0.06,9.45
-0.12,-0.05,9.46
-0.13,-0.05,9.48
-0.12,-0.05,9.49
-0.12,-0.08,9.44
-0.10,-0.09,9.40
-0.13,-0.08,9.35
-0.12,-0.10,9.31
-0.11,-0.09,9.27
-0.12,-0.08,9.22
-0.13,-0.07,9.17
-0.12,-0.07,9.10
-0.13,-0.09,9.04
-0.10,-0.09,8.99
-0.08,-0.08,8.93
-0.07,-0.05,8.88
-0.08,-0.07,8.91
-0.07,-0.06,8.94
-0.06,-0.07,8.97
-0.09,-0.06,9.00
-0.10,-0.06,9.03
-0.12,-0.04,9.06
-0.14,-0.03,9.05
-0.12,-0.06,9.05
-0.12,-0.07,9.04
-0.13,-0.07,9.04
-0.10,-0.09,9.03
-0.09,-0.09,9.03
-0.11,-0.06,9.06
-0.09,-0.05,9.09
-0.10,-0.05,9.13
-0.11,-0.07,9.16
-0.10,-0.05,9.19
-0.10,-0.05,9.22
-0.11,-0.05,9.19
-0.10,-0.04,9.17
-0.12,-0.04,9.14
-0.09,-0.01,9.12
-0.10,-0.02,9.10
-0.09,-0.05,9.09
-0.09,-0.04,9.07
-0.10,-0.06,9.05
-0.09,-0.08,9.05
-0.10,-0.07,9.03
-0.11,-0.04,9.02
-0.09,-0.03,9.01
-0.10,-0.05,9.01
-0.11,-0.03,9.01
-0.13,-0.05,9.02
-0.13,-0.05,9.02
-0.12,-0.07,9.02
-0.10,-0.06,9.03
-0.09,-0.05,9.06
-0.10,-0.04,9.09
-0.09,-0.04,9.13
-0.08,-0.04,9.16
-0.07,-0.03,9.19
-0.04,-0.04,9.22
-0.03,-0.01,9.15
-0.04,-0.00,9.08
-0.04,-0.03,9.00
-0.04,-0.01,8.94
-0.03,-0.01,8.87
-0.05,-0.01,8.81
-0.07,-0.03,8.72
-0.05,-0.03,8.64
-0.07,-0.03,8.56
-0.08,-0.02,8.48
-0.08,-0.02,8.40
-0.07,-0.05,8.32
-0.07,-0.04,8.36
-0.09,-0.03,8.41
-0.08,-0.04,8.45
-0.10,-0.04,8.49
-0.12,-0.03,8.53
-0.13,-0.02,8.57
-0.12,-0.02,8.60
-0.10,-0.02,8.63
-0.08,-0.02,8.66
-0.09,-0.03,8.68
-0.10,-0.03,8.71
-0.11,-0.03,8.73
-0.09,-0.02,8.82
-0.11,-0.01,8.91
-0.12,-0.04,9.00
-0.13,-0.03,9.08
-0.14,-0.03,9.17
-0.12,-0.01,9.25
-0.13,-0.01,9.35
-0.11,-0.01,9.45
-0.11,0.02,9.55
-0.10,0.01,9.65
-0.10,0.01,9.74
-0.09,0.01,9.84
-0.11,0.01,9.76
-0.12,-0.02,9.70
-0.13,-0.02,9.63
-0.12,-0.02,9.57
-0.13,-0.02,9.51
-0.12,0.00,9.45
-0.08,0.02,9.53
-0.09,-0.01,9.60
-0.08,-0.01,9.68
-0.07,0.02,9.75
-0.09,0.02,9.82
-0.10,0.02,9.90
-0.08,0.02,9.89
-0.07,0.01,9.88
-0.08,0.00,9.87
-0.10,-0.00,9.86
-0.12,-0.00,9.86
-0.11,0.01,9.85
-0.11,0.01,9.86
-0.11,-0.01,9.87
-0.10,-0.04,9.88
-0.12,-0.04,9.89
-0.11,-0.04,9.90
-0.12,-0.01,9.91
-0.09,-0.00,9.94
-0.08,0.00,9.96
-0.10,0.00,9.98
-0.11,0.02,10.01
-0.12,0.03,10.03
-0.13,0.02,10.05
-0.12,0.02,10.09
-0.13,0.02,10.13
-0.11,0.04,10.17
-0.10,0.02,10.21
-0.12,0.01,10.24
-0.10,-0.01,10.28
-0.10,-0.01,10.26
-0.12,-0.04,10.24
-0.13,-0.03,10.21
-0.12,-0.03,10.19
-0.11,-0.03,10.17
-0.09,-0.03,10.15
-0.11,-0.06,10.16
-0.10,-0.04,10.17
-0.09,-0.06,10.18
-0.11,-0.08,10.19
-0.11,-0.09,10.20
-0.12,-0.08,10.21
-0.10,-0.07,10.22
-0.09,-0.07,10.23
-0.10,-0.06,10.23
-0.09,-0.05,10.24
-0.08,-0.07,10.25
-0.06,-0.07,10.25
-0.05,-0.09,10.22
-0.04,-0.08,10.18
-0.04,-0.05,10.14
-0.06,-0.05,10.11
-0.05,-0.02,10.08
-0.06,-0.02,10.04
-0.06,-0.04,10.07
-0.06,-0.06,10.09
-0.07,-0.05,10.12
-0.06,-0.01,10.15
-0.08,0.01,10.17
-0.07,0.01,10.20
-0.06,-0.02,10.13
-0.02,-0.02,10.06
-0.03,-0.02,10.00
-0.05,-0.02,9.94
-0.04,-0.04,9.87
-0.06,-0.03,9.81
-0.06,-0.04,9.72
-0.06,-0.06,9.64
-0.05,-0.06,9.56
-0.07,-0.07,9.48
-0.08,-0.04,9.40
-0.08,-0.06,9.32
-0.06,-0.05,9.31
-0.08,-0.05,9.30
-0.09,-0.04,9.30
-0.09,-0.04,9.29
-0.08,-0.04,9.28
-0.10,-0.03,9.27
-0.11,-0.03,9.28
-0.09,-0.02,9.29
-0.08,-0.03,9.30
-0.09,-0.01,9.31
-0.14,-0.01,9.31
-0.12,-0.01,9.32
-0.10,0.02,9.38
-0.08,0.02,9.44
-0.07,0.02,9.50
-0.06,0.02,9.55
-0.05,-0.00,9.61
-0.04,-0.01,9.66
-0.04,0.01,9.66
-0.03,0.01,9.66
-0.02,0.01,9.65
-0.03,0.04,9.65
-0.06,0.01,9.65
-0.07,-0.02,9.65
-0.06,-0.02,9.62
-0.06,-0.01,9.60
-0.07,-0.02,9.58
-0.07,-0.01,9.56
-0.06,-0.01,9.53
-0.05,-0.02,9.51
-0.08,-0.01,9.52
-0.10,-0.04,9.53
-0.10,-0.04,9.53
-0.09,-0.06,9.54
-0.05,-0.10,9.55
-0.07,-0.09,9.55
-0.09,-0.08,9.55
-0.07,-0.06,9.54
-0.09,-0.08,9.54
-0.07,-0.07,9.54
-0.06,-0.06,9.53
-0.07,-0.06,9.53
-0.07,-0.03,9.54
-0.07,-0.03,9.55
-0.08,-0.05,9.56
-0.10,-0.08,9.57
-0.09,-0.07,9.58
-0.07,-0.06,9.59
-0.06,-0.02,9.57
-0.04,-0.02,9.56
-0.04,-0.04,9.55
-0.06,-0.06,9.53
-0.07,-0.05,9.52
-0.06,-0.05,9.51
-0.05,-0.04,9.55
-0.04,-0.04,9.59
-0.04,-0.02,9.63
-0.03,-0.02,9.66
-0.03,-0.01,9.70
-0.04,0.01,9.74
-0.04,0.03,9.67
-0.06,0.03,9.61
-0.05,0.01,9.54
-0.04,0.02,9.48
-0.04,0.02,9.42
-0.06,-0.01,9.36
-0.07,-0.01,9.31
-0.07,-0.01,9.26
-0.06,-0.01,9.22
-0.07,-0.01,9.18
-0.06,-0.04,9.14
-0.05,-0.04,9.10
-0.07,-0.03,9.11
-0.07,-0.03,9.13
-0.09,-0.03,9.13
-0.08,-0.02,9.14
-0.06,-0.02,9.16
-0.07,-0.02,9.17
-0.09,-0.02,9.14
-0.09,-0.04,9.12
-0.08,-0.03,9.10
-0.09,-0.03,9.08
-0.09,-0.03,9.06
-0.10,-0.02,9.04
-0.12,-0.05,9.07
-0.12,-0.07,9.09
-0.11,-0.06,9.11
-0.13,-0.06,9.13
-0.12,-0.07,9.15
-0.11,-0.06,9.17
-0.12,-0.08,9.18
-0.10,-0.09,9.18
-0.13,-0.11,9.19
-0.14,-0.10,9.20
-0.12,-0.11,9.21
-0.13,-0.13,9.21
-0.14,-0.11,9.21
-0.12,-0.11,9.22
-0.12,-0.10,9.22
-0.11,-0.09,9.22
-0.09,-0.08,9.23
-0.10,-0.07,9.23
-0.09,-0.08,9.26
-0.12,-0.05,9.28
-0.13,-0.07,9.31
-0.14,-0.09,9.33
-0.15,-0.10,9.35
-0.15,-0.08,9.37
-0.15,-0.08,9.40
-0.11,-0.07,9.42
-0.09,-0.08,9.45
-0.09,-0.08,9.47
-0.08,-0.07,9.49
-0.11,-0.09,9.52
-0.09,-0.11,9.45
-0.09,-0.12,9.38
-0.10,-0.13,9.31
-0.08,-0.12,9.25
-0.07,-0.11,9.18
-0.08,-0.10,9.12
-0.09,-0.11,9.05
-0.13,-0.10,8.98
-0.11,-0.09,8.92
-0.11,-0.06,8.85
-0.12,-0.03,8.79
-0.13,-0.03,8.73
-0.14,-0.02,8.80
-0.15,-0.02,8.87
-0.15,-0.02,8.94
-0.16,-0.01,9.01
-0.14,-0.04,9.08
-0.16,-0.06,9.15
-0.16,-0.03,9.14
-0.13,-0.04,9.13
-0.12,-0.04,9.13
-0.12,-0.04,9.12
-0.14,-0.04,9.12
-0.12,-0.03,9.11
-0.12,-0.03,9.19
-0.10,-0.01,9.27
-0.11,-0.00,9.34
-0.11,-0.01,9.41
-0.13,-0.00,9.48
-0.14,-0.00,9.55
-0.15,0.00,9.62
-0.11,-0.02,9.68
-0.12,-0.01,9.74
-0.12,0.01,9.80
-0.11,0.01,9.85
-0.10,0.03,9.91
-0.11,0.06,9.86
-0.12,0.08,9.81
-0.12,0.07,9.76
-0.11,0.06,9.71
-0.12,0.05,9.66
-0.13,0.02,9.62
-0.14,0.04,9.66
-0.15,0.04,9.71
-0.13,0.03,9.76
-0.13,0.02,9.80
-0.14,0.04,9.84
-0.15,0.01,9.88
-0.15,-0.01,9.95
-0.16,-0.03,10.01
-0.14,-0.05,10.08
-0.16,-0.05,10.14
-0.15,-0.04,10.20
-0.16,-0.04,10.25
-0.18,-0.06,10.30
-0.18,-0.06,10.35
-0.19,-0.06,10.40
-0.17,-0.08,10.45
-0.18,-0.06,10.50
-0.16,-0.06,10.55
-0.17,-0.05,10.54
-0.17,-0.07,10.53
-0.18,-0.04,10.52
-0.16,-0.02,10.51
-0.14,-0.02,10.50
-0.14,-0.02,10.50
-0.15,-0.02,10.53
-0.14,0.01,10.56
-0.12,0.03,10.59
-0.13,0.02,10.62
-0.14,0.02,10.65
-0.15,0.01,10.68
-0.15,0.04,10.68
-0.14,0.04,10.67
-0.15,0.04,10.67
-0.15,0.03,10.66
-0.16,0.03,10.66
-0.15,0.03,10.66
-0.13,0.04,10.67
-0.12,0.03,10.68
-0.13,0.03,10.69
-0.14,0.03,10.71
-0.12,0.02,10.72
-0.13,0.00,10.73
-0.12,-0.00,10.75
-0.12,0.00,10.76
-0.13,-0.00,10.78
-0.14,-0.01,10.80
-0.15,0.00,10.82
-0.16,0.00,10.83
-0.16,0.00,10.79
-0.20,-0.03,10.75
-0.18,-0.03,10.72
-0.15,-0.03,10.68
-0.13,-0.03,10.64
-0.12,-0.02,10.61
-0.13,0.00,10.66
-0.09,0.01,10.71
-0.08,0.03,10.76
-0.07,0.02,10.81
-0.09,0.02,10.86
-0.08,0.01,10.90
-0.09,0.02,10.87
-0.08,0.02,10.84
-0.08,0.02,10.81
-0.10,-0.01,10.78
-0.11,-0.04,10.76
-0.13,-0.05,10.73
-0.13,-0.05,10.71
-0.14,-0.05,10.70
-0.15,-0.04,10.68
-0.12,-0.01,10.67
-0.13,-0.01,10.65
-0.14,-0.06,10.64
-0.13,-0.05,10.67
-0.14,-0.05,10.70
-0.12,-0.09,10.73
-0.11,-0.09,10.77
-0.10,-0.08,10.79
-0.11,-0.09,10.82
-0.09,-0.08,10.75
-0.08,-0.07,10.67
-0.07,-0.07,10.60
-0.06,-0.06,10.53
-0.09,-0.08,10.46
-0.11,-0.10,10.39
-0.12,-0.06,10.35
-0.13,-0.06,10.32
-0.12,-0.06,10.28
-0.13,-0.05,10.24
-0.15,-0.04,10.21
-0.15,-0.03,10.17
-0.15,-0.03,10.18
-0.13,-0.05,10.19
-0.12,-0.04,10.19
-0.10,-0.04,10.20
-0.11,-0.03,10.20
-0.13,-0.03,10.21
-0.13,-0.05,10.30
-0.13,-0.04,10.39
-0.10,-0.06,10.48
-0.08,-0.05,10.57
-0.10,-0.05,10.66
-0.09,-0.07,10.74
-0.08,-0.07,10.67
-0.10,-0.06,10.59
-0.09,-0.06,10.52
-0.09,-0.05,10.45
-0.08,-0.05,10.38
-0.10,-0.04,10.31
-0.11,-0.04,10.32
-0.09,-0.06,10.32
-0.11,-0.04,10.33
-0.13,-0.04,10.33
-0.11,-0.03,10.33
-0.10,-0.03,10.34
-0.12,-0.03,10.36
-0.13,-0.03,10.39
-0.12,0.00,10.40
-0.11,-0.02,10.43
-0.10,-0.02,10.45
-0.08,-0.02,10.47
-0.07,0.01,10.38
-0.09,-0.02,10.30
-0.08,-0.04,10.22
-0.07,-0.04,10.14
-0.06,-0.04,10.07
-0.05,-0.04,9.99
-0.05,-0.05,10.02
-0.07,-0.05,10.05
-0.09,-0.05,10.08
-0.09,-0.05,10.11
-0.11,-0.05,10.13
-0.11,-0.05,10.16
-0.12,-0.05,10.13
-0.14,-0.07,10.10
-0.12,-0.03,10.06
-0.13,-0.02,10.03
-0.12,-0.03,10.00
-0.10,-0.02,9.97
-0.08,-0.02,9.95
-0.06,-0.04,9.93
-0.08,-0.03,9.91
-0.09,-0.05,9.89
-0.10,-0.04,9.88
-0.11,-0.06,9.86
-0.11,-0.06,9.89
-0.09,-0.05,9.93
-0.09,-0.08,9.96
-0.10,-0.07,9.99
-0.12,-0.08,10.02
-0.09,-0.10,10.05
-0.09,-0.11,10.08
-0.08,-0.10,10.12
-0.07,-0.07,10.15
-0.07,-0.08,10.18
-0.09,-0.07,10.21
-0.09,-0.08,10.24
-0.09,-0.08,10.16
-0.08,-0.09,10.10
-0.09,-0.10,10.03
-0.07,-0.08,9.97
-0.09,-0.08,9.91
-0.10,-0.09,9.85
-0.11,-0.10,9.87
-0.13,-0.11,9.89
-0.14,-0.12,9.91
-0.13,-0.09,9.93
-0.13,-0.10,9.96
-0.14,-0.12,9.98
-0.16,-0.12,10.03
-0.14,-0.10,10.07
-0.12,-0.09,10.11
-0.13,-0.08,10.16
-0.10,-0.07,10.20
-0.12,-0.06,10.25
-0.12,-0.08,10.20
-0.13,-0.07,10.15
-0.15,-0.07,10.10
-0.13,-0.06,10.06
-0.14,-0.05,10.01
-0.14,-0.06,9.97
-0.12,-0.08,10.02
-0.13,-0.05,10.07
-0.12,-0.05,10.12
-0.14,-0.07,10.17
-0.12,-0.04,10.21
-0.13,-0.04,10.26
-0.12,-0.06,10.23
-0.12,-0.05,10.20
-0.13,-0.05,10.16
-0.12,-0.07,10.14
-0.11,-0.06,10.11
-0.09,-0.03,10.08
-0.09,-0.04,10.04
-0.08,-0.03,10.00
-0.08,-0.04,9.97
-0.10,-0.03,9.94
-0.09,-0.03,9.90
-0.08,-0.01,9.87
-0.07,0.02,9.91
-0.07,0.04,9.96
-0.09,0.03,10.00
-0.10,0.04,10.04
-0.10,0.04,10.08
-0.09,0.04,10.12
-0.08,0.04,10.06
-0.08,0.03,10.01
-0.09,0.03,9.95
-0.10,0.02,9.90
-0.10,0.02,9.85
-0.09,0.02,9.80
-0.05,-0.01,9.85
-0.07,-0.01,9.89
-0.07,-0.02,9.93
-0.09,-0.01,9.98
-0.11,0.01,10.02
-0.11,0.01,10.06
-0.12,-0.02,10.10
-0.11,0.01,10.14
-0.13,0.03,10.18
-0.14,0.05,10.22
-0.16,0.04,10.26
-0.17,0.04,10.30
-0.15,0.04,10.33
-0.16,0.03,10.36
-0.14,0.03,10.39
-0.14,0.03,10.42
-0.14,0.03,10.45
-0.12,0.03,10.48
-0.13,0.02,10.49
-0.14,0.02,10.50
-0.14,0.02,10.51
-0.13,0.02,10.53
-0.11,0.02,10.54
-0.12,-0.00,10.55
-0.10,-0.00,10.57
-0.12,-0.01,10.59
-0.10,-0.01,10.61
-0.09,-0.03,10.64
-0.10,-0.06,10.66
-0.10,-0.03,10.68
-0.09,-0.02,10.68
-0.10,-0.00,10.69
-0.11,-0.00,10.70
-0.12,-0.00,10.70
-0.09,0.00,10.71
-0.11,-0.03,10.72
-0.13,-0.06,10.66
-0.13,-0.04,10.60
-0.15,-0.06,10.54
-0.13,-0.06,10.49
-0.14,-0.07,10.43
-0.13,-0.08,10.38
-0.10,-0.08,10.43
-0.09,-0.07,10.47
-0.09,-0.06,10.52
-0.10,-0.05,10.56
-0.09,-0.07,10.60
-0.10,-0.06,10.63
-0.11,-0.03,10.51
-0.12,0.00,10.38
-0.10,0.01,10.26
-0.09,-0.01,10.13
-0.08,-0.01,10.02
-0.09,-0.01,9.90
-0.11,-0.01,9.79
-0.12,0.02,9.67
-0.13,0.01,9.57
-0.14,0.01,9.46
-0.15,0.03,9.35
-0.13,0.03,9.25
-0.13,0.00,9.34
-0.11,-0.01,9.43
-0.12,-0.03,9.52
-0.11,-0.02,9.61
-0.09,0.00,9.69
-0.09,0.00,9.77
-0.09,0.01,9.80
-0.11,0.03,9.83
-0.12,0.03,9.85
-0.11,0.03,9.87
-0.11,-0.00,9.90
-0.12,0.02,9.92
-0.10,0.02,9.93
-0.11,0.04,9.94
-0.10,0.03,9.95
-0.09,0.02,9.96
-0.11,0.03,9.97
-0.09,0.03,9.98
-0.09,0.03,10.00
-0.08,0.03,10.02
-0.09,0.02,10.04
-0.12,0.02,10.06
-0.13,0.02,10.08
-0.12,0.02,10.09
-0.11,0.01,10.12
-0.13,0.03,10.15
-0.14,0.05,10.17
-0.13,0.02,10.20
-0.14,0.05,10.22
-0.15,0.04,10.24
-0.17,0.04,10.30
-0.18,0.03,10.35
-0.16,0.03,10.40
-0.16,0.02,10.45
-0.15,0.01,10.50
-0.14,0.01,10.54
-0.12,0.01,10.59
-0.12,0.01,10.64
-0.13,0.01,10.68
-0.14,-0.02,10.73
-0.14,-0.04,10.77
-0.16,-0.01,10.81
-0.15,-0.01,10.79
-0.15,-0.01,10.75
-0.13,-0.03,10.72
-0.11,-0.03,10.69
-0.12,-0.03,10.67
-0.11,-0.03,10.64
-0.10,-0.01,10.60
-0.09,-0.04,10.56
-0.10,-0.01,10.52
-0.11,0.01,10.48
-0.11,0.02,10.45
-0.10,0.03,10.41
-0.10,0.01,10.45
-0.11,0.01,10.49
-0.11,0.01,10.53
-0.12,-0.02,10.57
-0.13,-0.00,10.61
-0.11,0.02,10.65
-0.09,0.02,10.55
-0.10,-0.00,10.45
-0.11,0.02,10.36
-0.10,0.02,10.26
-0.09,-0.01,10.17
-0.09,-0.03,10.09
-0.07,-0.05,10.14
-0.08,-0.04,10.18
-0.09,-0.03,10.23
-0.10,-0.03,10.27
-0.09,-0.02,10.31
-0.07,-0.04,10.35
-0.10,-0.05,10.39
-0.11,-0.07,10.43
-0.04,-0.07,9.74
0.86,-0.43,8.55
0.57,-0.57,7.70
0.36,-0.44,7.17
0.22,-0.26,6.27
0.19,-0.22,5.42
0.06,-0.13,4.70
0.16,-0.09,3.77
0.41,-0.24,2.54
0.27,-0.15,1.49
0.19,-0.04,1.24
0.01,0.07,1.12
-0.10,0.08,1.18
-0.26,0.09,1.30
-0.20,0.05,1.40
-0.25,0.04,1.63
-0.29,0.04,2.49
-0.33,0.01,3.33
-0.32,0.01,4.17
-0.32,-0.01,4.98
-0.28,-0.01,5.80
-0.32,-0.00,6.85
-0.56,0.02,8.03
-0.60,0.10,9.43
-0.66,0.26,10.85
-0.49,0.34,12.32
-0.41,0.32,13.76
-0.31,0.22,14.94
-0.25,-0.03,16.07
-0.25,-0.09,17.16
-0.24,-0.12,18.26
-0.22,-0.15,19.44
-0.11,-0.08,20.96
-0.76,0.32,22.70
-0.75,0.01,23.56
-0.71,0.02,24.27
-0.64,-0.00,24.87
-0.59,-0.02,25.47
-0.55,-0.15,25.90
-0.36,-0.32,26.08
-0.33,-0.26,26.25
-0.30,-0.24,26.40
-0.24,-0.24,26.48
-0.22,-0.23,26.53
-0.19,-0.21,26.57
-0.17,-0.21,26.61
-0.17,-0.20,26.53
-1.06,-0.04,26.74
-0.88,-0.07,26.94
-1.57,-0.06,27.09
-1.97,0.01,27.52
-1.15,0.00,27.78
0.07,-0.03,28.68
-0.53,0.01,29.74
-0.18,0.00,30.42
-0.15,-0.02,31.11
-0.15,-0.04,31.75
-0.11,-0.05,32.37
-0.09,-0.02,31.89
-0.09,-0.00,31.36
-0.09,0.00,30.81
-0.10,0.03,30.27
-0.11,0.03,29.75
-0.13,0.02,29.26
-0.14,0.02,28.85
-0.14,-0.01,28.46
-0.14,-0.01,28.08
-0.13,0.02,27.73
-0.11,-0.01,27.40
-0.12,-0.01,27.12
-0.11,-0.02,26.69
-0.10,0.00,26.21
-0.12,0.00,25.73
-0.10,0.03,25.25
-0.05,-0.01,24.68
-0.07,-0.01,24.00
-0.05,-0.02,23.19
-0.06,-0.00,22.35
-0.08,-0.01,21.56
-0.05,0.01,20.84
-0.04,0.03,20.21
-0.03,0.03,19.67
-0.03,0.02,19.34
-0.04,-0.01,19.04
-0.05,-0.01,18.79
-0.05,-0.01,18.57
-0.07,-0.01,18.35
-0.06,-0.01,18.12
-0.05,0.01,17.78
-0.04,0.01,17.43
-0.03,0.04,16.99
-0.03,0.03,16.50
0.02,0.03,16.01
0.03,0.02,15.63
0.01,0.00,15.33
0.01,0.00,15.08
-0.02,-0.03,14.86
-0.04,-0.06,14.67
-0.03,-0.06,14.41
-0.03,-0.08,14.16
-0.04,-0.07,13.95
-0.06,-0.09,13.80
-0.08,-0.10,13.67
-0.10,-0.07,13.56
-0.10,-0.06,13.45
-0.11,-0.04,13.35
-0.11,-0.00,13.32
-0.10,0.02,13.28
-0.10,0.01,13.25
-0.09,0.01,13.22
-0.10,-0.02,13.19
-0.11,-0.02,13.16
-0.12,-0.04,13.10
-0.13,-0.02,13.05
-0.11,0.01,13.00
-0.10,0.01,12.95
-0.11,0.00,12.90
-0.09,0.01,12.85
-0.08,0.01,12.86
-0.09,0.01,12.87
-0.10,0.03,12.88
-0.09,0.02,12.89
-0.08,0.01,12.90
-0.07,0.01,12.91
-0.07,-0.01,12.90
-0.09,-0.01,12.89
-0.08,-0.01,12.88
-0.07,-0.01,12.86
-0.08,-0.03,12.85
-0.09,-0.03,12.84
-0.11,-0.06,12.76
-0.11,-0.06,12.67
-0.12,-0.05,12.59
-0.10,-0.05,12.51
-0.09,-0.05,12.43
-0.08,-0.02,12.35
-0.07,0.01,12.37
-0.04,0.01,12.38
-0.04,0.01,12.40
-0.04,0.00,12.41
-0.03,0.00,12.43
-0.04,-0.02,12.44
-0.06,-0.01,12.35
-0.07,0.01,12.27
-0.08,-0.02,12.19
-0.05,0.01,12.11
-0.07,0.01,12.03
-0.08,0.01,11.96
-0.07,0.01,11.91
-0.10,0.01,11.86
-0.09,0.01,11.82
-0.10,-0.01,11.78
-0.12,-0.04,11.74
-0.13,-0.03,11.70
-0.10,-0.03,11.72
-0.12,-0.06,11.75
-0.12,-0.07,11.77
-0.10,-0.07,11.79
-0.12,-0.06,11.82
-0.11,-0.06,11.84
-0.10,-0.06,11.85
-0.12,-0.03,11.86
-0.10,-0.06,11.87
-0.11,-0.05,11.87
-0.09,-0.05,11.88
-0.08,-0.05,11.89
-0.09,-0.04,11.90
-0.09,-0.04,11.91
-0.07,-0.03,11.92
-0.08,-0.02,11.93
-0.07,-0.00,11.95
-0.07,-0.01,11.96
-0.09,-0.01,11.93
-0.10,-0.03,11.91
-0.09,-0.00,11.89
-0.11,0.00,11.87
-0.12,-0.00,11.85
-0.12,0.00,11.83
-0.11,0.02,11.84
-0.12,0.04,11.85
-0.11,0.06,11.87
-0.09,0.03,11.88
-0.07,0.03,11.89
-0.04,0.03,11.90
-0.05,0.02,11.90
-0.06,-0.00,11.90
-0.05,0.00,11.89
-0.05,-0.00,11.88
-0.05,-0.03,11.88
-0.07,-0.01,11.87
-0.08,0.01,11.89
-0.09,-0.01,11.90
-0.08,-0.02,11.91
-0.10,-0.02,11.92
-0.11,-0.01,11.93
-0.13,-0.01,11.94
-0.13,-0.01,11.90
-0.14,0.01,11.86
-0.14,0.02,11.82
-0.15,-0.01,11.78
-0.13,-0.00,11.74
-0.11,0.03,11.70
-0.10,0.02,11.68
-0.09,0.01,11.66
-0.07,0.01,11.64
-0.06,0.01,11.62
-0.06,0.01,11.60
-0.06,0.03,11.58
-0.08,0.03,11.61
-0.07,0.03,11.64
-0.07,0.05,11.67
-0.06,0.04,11.69
-0.04,0.06,11.72
-0.05,0.03,11.75
-0.06,0.05,11.68
-0.07,0.06,11.62
-0.10,0.05,11.56
-0.10,0.05,11.49
-0.11,0.06,11.44
-0.11,0.03,11.38
-0.12,0.03,11.46
-0.10,0.03,11.55
-0.12,0.02,11.63
-0.10,0.02,11.71
-0.11,0.01,11.79
-0.09,0.03,11.87
-0.08,0.05,11.93
-0.10,0.05,12.00
-0.11,0.04,12.05
-0.13,0.06,12.11
-0.13,0.05,12.17
-0.11,0.07,12.22
-0.13,0.07,12.22
-0.13,0.06,12.21
-0.13,0.07,12.20
-0.11,0.07,12.20
-0.12,0.06,12.19
-0.13,0.03,12.19
-0.12,0.03,12.29
-0.11,0.00,12.39
-0.10,-0.02,12.49
-0.08,-0.01,12.59
-0.09,-0.02,12.69
-0.10,-0.02,12.78
-0.08,0.00,12.74
-0.07,0.00,12.70
-0.07,0.00,12.66
-0.06,-0.00,12.62
-0.06,0.01,12.58
-0.07,0.01,12.54
-0.09,0.01,12.50
-0.08,-0.02,12.45
-0.07,-0.01,12.40
-0.09,0.01,12.35
-0.08,0.01,12.31
-0.07,-0.01,12.27
-0.06,-0.02,12.26
-0.05,-0.01,12.25
-0.06,-0.01,12.23
-0.08,-0.01,12.22
-0.07,-0.02,12.21
-0.06,-0.02,12.20
-0.05,-0.02,12.15
-0.04,-0.02,12.10
-0.03,-0.01,12.06
-0.02,-0.03,12.01
-0.05,-0.05,11.97
-0.07,-0.07,11.93
-0.06,-0.07,11.87
-0.05,-0.07,11.82
-0.07,-0.06,11.76
-0.06,-0.08,11.71
-0.07,-0.05,11.66
-0.10,-0.06,11.61
-0.08,-0.06,11.58
-0.07,-0.08,11.54
-0.05,-0.10,11.51
-0.05,-0.06,11.48
-0.06,-0.06,11.45
-0.05,-0.05,11.41
-0.06,-0.07,11.44
-0.06,-0.07,11.46
-0.04,-0.08,11.48
-0.03,-0.07,11.49
-0.03,-0.06,11.51
-0.03,-0.06,11.53
-0.02,-0.05,11.45
-0.02,-0.05,11.36
-0.04,-0.05,11.28
-0.06,-0.05,11.20
-0.07,-0.07,11.12
-0.05,-0.08,11.04
-0.07,-0.07,11.05
-0.06,-0.07,11.07
-0.05,-0.09,11.08
-0.04,-0.08,11.09
-0.04,-0.07,11.10
-0.06,-0.07,11.12
-0.07,-0.09,11.05
-0.07,-0.08,10.99
-0.09,-0.08,10.92
-0.10,-0.08,10.86
-0.09,-0.09,10.80
-0.10,-0.08,10.74
-0.11,-0.09,10.72
-0.09,-0.09,10.70
-0.08,-0.09,10.67
-0.11,-0.06,10.64
-0.12,-0.05,10.62
-0.12,-0.07,10.60
-0.14,-0.06,10.68
-0.14,-0.05,10.76
-0.15,-0.05,10.83
-0.13,-0.04,10.91
-0.13,-0.06,10.98
-0.12,-0.05,11.04
-0.13,-0.05,11.01
-0.09,-0.06,10.99
-0.07,-0.05,10.96
-0.06,-0.06,10.93
-0.05,-0.01,10.91
-0.04,-0.03,10.88
-0.03,-0.02,10.83
-0.05,-0.04,10.79
-0.03,-0.05,10.75
-0.05,-0.05,10.71
-0.07,-0.04,10.67
-0.07,-0.03,10.63
-0.09,-0.05,10.61
-0.07,-0.05,10.58
-0.10,-0.04,10.56
-0.09,-0.04,10.54
-0.11,-0.06,10.51
-0.07,-0.06,10.49
-0.07,-0.05,10.52
-0.06,-0.05,10.54
-0.06,-0.06,10.56
-0.05,-0.10,10.58
-0.04,-0.09,10.60
-0.06,-0.11,10.62
-0.05,-0.10,10.60
-0.04,-0.09,10.59
-0.03,-0.10,10.58
-0.03,-0.12,10.57
-0.04,-0.11,10.56
-0.05,-0.11,10.54
-0.07,-0.08,10.53
-0.09,-0.07,10.52
-0.11,-0.06,10.50
-0.12,-0.06,10.48
-0.11,-0.06,10.47
-0.11,-0.05,10.45
-0.10,-0.05,10.48
-0.12,-0.05,10.51
-0.13,-0.05,10.54
-0.12,-0.06,10.57
-0.10,-0.04,10.61
-0.09,-0.03,10.63
-0.07,-0.02,10.62
-0.10,-0.02,10.60
-0.09,-0.04,10.58
-0.08,-0.04,10.56
-0.04,-0.03,10.54
-0.03,-0.03,10.52
-0.04,-0.06,10.55
-0.06,-0.08,10.57
-0.06,-0.07,10.60
-0.08,-0.06,10.63
-0.07,-0.05,10.65
-0.06,-0.04,10.68
-0.07,-0.05,10.64
-0.06,-0.07,10.59
-0.08,-0.08,10.55
-0.07,-0.05,10.51
-0.09,-0.07,10.47
-0.05,-0.09,10.44
-0.07,-0.06,10.42
-0.09,-0.07,10.40
-0.10,-0.09,10.38
-0.09,-0.08,10.36
-0.08,-0.07,10.34
-0.10,-0.07,10.32
-0.09,-0.05,10.42
-0.10,-0.05,10.51
-0.09,-0.07,10.61
-0.08,-0.09,10.70
-0.05,-0.07,10.78
-0.05,-0.07,10.87
-0.07,-0.04,10.79
-0.06,-0.04,10.72
-0.04,-0.06,10.65
-0.05,-0.07,10.58
-0.06,-0.07,10.52
-0.06,-0.06,10.45
-0.08,-0.06,10.46
-0.10,-0.08,10.47
-0.12,-0.09,10.48
-0.13,-0.08,10.48
-0.14,-0.07,10.49
-0.15,-0.06,10.50
-0.13,-0.06,10.55
-0.15,-0.05,10.60
-0.15,-0.05,10.66
-0.17,-0.05,10.71
-0.15,-0.04,10.76
-0.17,-0.05,10.81
-0.15,-0.06,10.85
-0.15,-0.05,10.89
-0.14,-0.05,10.93
-0.12,-0.04,10.97
-0.11,-0.06,11.00
-0.10,-0.05,11.04
-0.12,-0.05,11.06
-0.11,-0.07,11.08
-0.10,-0.09,11.10
-0.10,-0.07,11.11
-0.12,-0.07,11.13
-0.13,-0.05,11.15
-0.12,-0.07,11.19
-0.13,-0.06,11.24
-0.11,-0.06,11.29
-0.10,-0.08,11.33
-0.09,-0.07,11.38
-0.10,-0.06,11.42
-0.09,-0.03,11.40
-0.07,-0.04,11.38
-0.09,-0.04,11.35
-0.10,-0.04,11.33
-0.12,-0.03,11.31
-0.11,-0.03,11.29
-0.11,-0.01,11.30
-0.10,-0.04,11.31
-0.08,-0.04,11.31
-0.09,-0.03,11.32
-0.07,-0.03,11.33
-0.08,-0.02,11.34
-0.08,0.00,11.40
-0.07,-0.02,11.47
-0.06,0.00,11.53
-0.08,0.00,11.59
-0.07,-0.00,11.65
-0.09,-0.00,11.70
-0.08,-0.00,11.61
-0.08,-0.01,11.49
-0.01,-0.00,10.48
1.12,-0.41,9.62
0.50,-0.03,9.87
-0.35,0.16,10.52
-0.35,0.14,11.04
-0.40,-0.07,11.25
-0.38,-0.16,11.07
-0.37,-0.13,10.92
-0.40,-0.19,10.77
-0.10,-0.76,10.67
0.12,-2.04,11.08
0.34,-2.97,11.25
0.18,-3.39,11.45
0.08,-3.50,11.76
-0.12,-3.30,12.14
-0.13,-2.83,12.48
0.02,-2.29,12.58
0.09,-1.89,12.69
0.15,-1.56,12.74
0.14,-1.08,12.79
0.13,-0.91,12.83
0.20,-0.82,12.81
0.20,-0.59,13.92
0.12,-0.27,15.05
0.10,0.21,16.21
0.01,0.80,17.43
-0.04,1.27,18.59
-0.30,1.48,19.79
-0.26,1.97,20.73
-0.28,2.48,21.69
-0.31,3.10,22.70
-0.29,3.64,23.72
-0.27,4.11,24.70
-0.33,4.12,25.65
-0.37,4.48,26.50
-0.41,4.94,27.39
-0.46,5.31,28.29
-0.36,5.41,29.17
-0.46,5.63,30.09
-0.56,5.95,31.09
-0.67,6.21,32.14
-0.66,6.41,33.21
-0.66,6.44,34.45
-0.88,5.90,35.72
-1.12,4.99,36.95
-1.33,3.94,38.19
-1.83,2.91,39.58
-2.29,2.12,40.90
-2.76,1.65,42.02
-3.85,0.66,43.03
-4.66,0.70,44.09
-6.75,0.20,45.01
-8.48,-0.33,45.92
-8.91,-1.73,46.88
-7.19,-1.59,47.70
-7.43,-3.93,48.57
-8.04,-6.15,49.57
-8.63,-7.80,50.90
-8.87,-9.40,52.27
-9.29,-11.59,53.62
-9.38,-13.40,55.16
-9.51,-15.69,56.12
-9.45,-17.78,56.97
-8.96,-18.93,58.04
-8.40,-20.50,59.11
-7.91,-22.54,59.95
-7.63,-24.64,60.62
-7.30,-26.51,61.24
-6.91,-28.10,61.84
-6.39,-29.70,62.37
-6.00,-31.32,62.86
-5.58,-32.45,63.48
-4.99,-33.10,64.27
-4.53,-33.71,65.11
-4.25,-34.17,66.07
-4.03,-34.54,67.12
-3.77,-34.81,68.19
-3.61,-34.98,69.25
-3.48,-35.08,70.31
-3.32,-35.36,71.26
-3.15,-35.76,72.11
-3.00,-36.14,72.97
-2.86,-36.52,73.84
-2.78,-36.76,74.77
-2.80,-36.76,75.85
-2.89,-36.76,76.95
-2.99,-36.75,78.07
-3.14,-36.68,79.16
-3.40,-36.46,80.38
-3.77,-35.80,81.65
-4.10,-34.93,82.85
-4.34,-34.21,83.93
-4.57,-33.32,85.13
-4.71,-32.10,86.36
-4.82,-30.43,87.57
-4.96,-28.47,88.80
-5.28,-26.23,90.27
-5.55,-23.43,91.95
-5.67,-20.05,93.44
-5.21,-16.66,94.50
-4.70,-13.40,95.61
-4.33,-10.67,96.90
-4.15,-7.76,98.17
-3.76,-4.98,99.40
-3.46,-2.36,100.53
-3.14,0.55,101.60
-3.02,3.92,102.87
-3.33,7.55,104.12
-3.37,11.54,105.34
-2.82,16.40,106.35
-1.67,20.90,107.76
-1.03,24.37,109.31
-0.22,27.36,110.89
0.71,30.15,112.23
1.36,32.31,113.50
1.63,34.61,114.99
2.15,35.67,116.55
2.80,36.62,118.13
3.10,36.64,119.64
2.97,36.98,120.77
2.53,37.02,121.74
2.05,36.75,122.68
1.43,37.02,123.39
0.71,36.94,123.99
0.50,35.26,124.76
0.75,34.62,125.89
0.93,32.42,127.08
0.88,31.83,128.08
0.79,31.23,128.91
0.59,33.87,129.86
0.39,36.67,129.98
0.27,37.50,130.14
-0.04,39.89,130.22
-0.41,42.25,129.27
-0.96,44.19,128.29
-1.26,45.56,128.06
-1.36,46.53,128.44
-1.27,47.87,128.73
-1.09,49.58,128.62
-1.58,50.97,129.11
-2.28,52.28,129.33
-2.91,54.44,128.62
-3.06,55.11,129.05
-2.88,55.28,129.72
-2.97,55.26,130.40
-3.12,55.21,130.88
-3.40,55.02,131.45
-3.71,55.18,131.94
-4.54,55.81,132.35
-5.71,56.78,132.63
-6.65,57.69,132.96
-6.83,58.25,133.52
-6.94,58.58,134.12
-7.12,58.94,134.67
-7.21,59.20,135.34
-7.39,59.52,136.00
-7.99,59.95,136.47
-8.47,60.30,136.89
-8.63,60.70,137.42
-8.90,61.32,137.84
-9.39,62.08,138.08
-9.92,62.82,138.38
-10.24,63.35,138.79
-10.73,63.84,139.05
-11.10,64.08,139.24
-11.19,64.13,139.56
-11.22,64.15,139.98
-11.01,63.99,140.73
-10.76,63.78,141.57
-10.65,63.63,142.46
-10.35,63.29,143.48
-9.74,62.19,144.55
-9.15,60.87,145.51
-8.70,59.46,146.50
-8.28,57.65,147.54
-7.37,55.03,148.84
-6.01,50.72,150.20
-4.42,43.89,151.18
-2.45,37.14,151.59
-0.59,31.86,152.38
-1.00,29.51,153.18
-1.74,28.11,153.76
-1.81,23.27,154.18
-2.06,18.45,154.42
-2.61,15.16,153.87
-3.28,12.44,153.47
-3.67,8.99,153.08
-4.00,5.12,152.45
-4.31,1.89,151.78
-3.06,-1.67,151.47
-2.47,-3.69,150.67
-1.18,-6.72,149.82
0.35,-9.16,148.61
1.90,-10.70,147.22
2.83,-10.48,145.86
2.17,-11.40,144.22
1.15,-12.34,142.76
-0.01,-12.87,141.20
-1.12,-13.12,139.49
-1.57,-13.61,137.60
-1.68,-14.09,135.68
-0.99,-14.61,133.94
-0.86,-14.87,132.39
-2.92,-15.95,131.06
-4.33,-16.61,129.80
-3.78,-17.22,128.40
-3.36,-17.24,127.19
-4.71,-18.46,126.14
-6.72,-19.47,125.07
-9.28,-20.29,124.09
-10.35,-20.65,122.95
-8.10,-20.21,120.99
-7.93,-20.36,119.77
-7.33,-19.98,119.04
-6.10,-19.23,117.71
-6.91,-18.97,116.82
-7.82,-18.92,115.82
-8.73,-19.12,114.63
-8.85,-19.24,113.49
-8.96,-19.41,112.37
-9.73,-19.27,111.42
-10.60,-19.28,110.57
-11.35,-19.47,109.86
-12.08,-19.75,109.12
-12.70,-20.02,108.35
-13.31,-20.23,107.62
-14.01,-20.16,106.94
-14.65,-20.09,106.34
-15.13,-20.12,105.76
-15.22,-20.41,105.29
-15.25,-20.57,104.77
-15.11,-20.52,104.10
-14.82,-20.48,103.31
-14.14,-20.56,102.33
-13.22,-20.60,101.22
-12.12,-20.65,100.02
-10.26,-20.80,98.64
-5.89,-20.69,96.75
-0.54,-20.56,94.85
2.59,-20.99,93.87
4.96,-20.53,92.81
7.77,-20.49,91.27
11.57,-19.71,89.28
15.72,-18.29,87.66
20.18,-16.71,86.66
24.66,-15.34,85.75
29.65,-13.50,85.26
33.00,-11.01,85.89
38.04,-8.19,86.62
41.97,-6.21,86.94
44.64,-5.11,87.17
43.50,-3.30,87.59
43.01,-3.01,87.99
41.96,-3.15,87.96
40.00,-4.16,86.84
36.59,-7.00,84.95
33.30,-8.84,83.84
29.59,-8.57,81.43
27.52,-8.01,79.41
24.72,-7.31,79.21
23.73,-7.65,78.41
20.56,-7.41,77.96
18.28,-7.12,77.20
15.34,-5.15,76.29
12.70,-3.32,75.19
10.16,-2.72,74.09
8.05,-2.20,72.97
6.44,-2.30,71.77
4.29,-3.43,72.67
2.53,-5.40,73.33
1.47,-6.81,74.00
1.11,-8.74,74.65
1.04,-10.99,74.89
0.65,-15.82,74.51
-0.24,-21.63,73.41
0.14,-28.82,71.62
1.47,-36.15,69.01
3.62,-43.44,65.58
7.03,-50.10,60.66
11.11,-55.65,55.14
16.60,-60.67,49.05
24.40,-65.39,41.73
36.77,-69.97,30.77
55.65,-73.55,13.44
78.41,-74.60,-7.90
96.41,-73.25,-24.83
110.13,-70.22,-38.01
120.85,-66.37,-48.36
127.78,-62.71,-55.30
130.65,-60.29,-58.04
132.90,-58.27,-60.10
134.81,-56.61,-61.91
135.83,-55.06,-63.30
136.54,-53.71,-64.51
136.44,-52.92,-64.73
135.27,-53.13,-63.91
132.06,-54.35,-61.17
128.10,-55.73,-57.17
122.64,-57.15,-49.57
116.02,-58.36,-40.36
107.33,-59.43,-29.23
96.30,-59.82,-16.89
80.90,-59.15,-2.45
64.84,-56.36,12.03
49.49,-51.45,26.20
37.08,-45.15,37.76
27.40,-38.38,46.83
19.16,-30.32,54.20
11.69,-20.18,60.35
6.74,-8.01,65.61
3.86,3.26,70.83
1.96,14.55,75.56
0.57,22.95,79.36
1.12,27.73,82.68
3.01,30.84,87.14
4.13,36.48,91.93
5.72,40.92,96.96
7.94,42.91,102.18
10.78,46.48,107.74
13.46,52.23,113.50
16.00,54.52,118.60
19.38,54.39,123.43
22.98,57.94,128.81
27.15,61.92,135.18
33.30,65.94,143.67
37.73,68.46,149.81
38.05,68.79,150.90
37.99,68.32,151.48
38.53,68.16,152.77
38.21,67.65,153.15
36.56,66.17,151.70
31.05,60.83,145.27
27.13,52.70,139.38
24.95,41.34,133.91
23.75,31.06,129.05
21.45,21.24,124.41
19.10,11.87,120.12
18.18,3.43,115.49
20.81,-5.29,110.51
26.42,-14.63,104.88
30.93,-22.88,96.20
36.99,-30.90,85.53
44.14,-36.92,73.68
52.78,-41.38,60.30
62.62,-44.31,46.43
72.00,-45.45,34.46
80.49,-44.93,24.60
87.92,-43.34,16.27
95.00,-41.45,7.73
100.93,-38.80,0.56
106.38,-36.26,-6.27
110.11,-34.12,-12.15
113.35,-32.47,-16.65
116.69,-31.32,-20.73
119.96,-30.48,-23.78
123.14,-29.49,-26.57
125.90,-28.37,-28.88
127.99,-26.83,-30.39
129.84,-25.03,-31.88
129.90,-23.97,-32.95
129.44,-22.60,-33.49
129.34,-20.46,-34.61
129.39,-18.20,-36.08
129.92,-16.05,-37.79
130.76,-13.57,-40.15
131.68,-11.28,-41.80
132.38,-10.19,-42.59
132.61,-10.56,-42.35
132.40,-11.66,-41.33
131.29,-13.98,-38.59
129.51,-16.66,-34.42
127.17,-19.23,-30.26
124.07,-22.19,-24.98
119.55,-25.95,-17.31
112.89,-29.99,-6.55
104.68,-33.11,5.93
96.21,-34.69,17.92
88.76,-35.17,28.17
82.30,-34.61,37.72
75.89,-33.14,46.80
69.45,-31.04,55.42
63.52,-28.37,63.75
58.20,-25.42,71.33
52.83,-21.13,79.36
47.67,-15.19,87.88
42.82,-7.76,96.74
36.75,0.98,105.44
34.58,8.56,113.08
34.41,15.22,120.37
34.57,20.53,126.48
33.01,24.42,131.41
31.95,27.84,135.87
31.34,29.66,139.31
31.19,29.56,141.63
29.90,26.89,143.39
28.59,24.09,144.83
27.28,20.70,146.02
25.96,15.73,146.84
24.59,8.78,147.31
23.33,0.40,147.81
22.31,-10.11,147.21
22.79,-19.69,146.25
24.77,-30.29,144.13
27.02,-39.11,141.61
28.96,-45.95,138.46
32.90,-53.81,132.03
41.04,-61.38,120.40
55.49,-66.22,102.76
75.30,-68.85,79.56
90.29,-67.73,62.87
109.70,-64.48,42.49
124.54,-59.08,26.12
131.23,-54.07,17.66
134.21,-49.84,12.28
136.12,-45.82,7.88
136.78,-42.81,5.08
136.03,-41.34,4.07
134.51,-41.14,4.30
131.42,-42.56,7.60
125.07,-45.60,14.94
114.81,-49.17,26.83
102.30,-51.57,41.16
87.84,-52.54,57.66
72.67,-51.02,75.03
59.05,-47.21,90.99
46.20,-39.81,106.07
36.23,-29.76,118.18
30.10,-19.43,126.87
26.67,-9.58,132.54
25.17,-4.27,136.39
23.45,0.13,139.05
21.28,4.07,141.69
19.13,7.96,144.13
18.25,10.97,146.23
17.45,12.83,148.13
16.48,13.11,149.71
15.23,12.47,150.97
14.00,9.93,152.24
12.97,6.91,153.61
12.02,4.17,155.01
11.01,1.34,156.80
10.01,-1.62,158.23
9.21,-4.81,158.68
8.39,-7.89,159.16
7.79,-10.22,159.56
7.45,-11.44,159.92
6.98,-11.24,160.30
6.15,-8.47,160.51
4.19,-8.65,160.74
7.84,-9.02,160.97
7.28,-8.35,160.94
6.23,-7.91,161.23
5.77,-7.33,161.66
4.82,-5.48,162.09
4.56,-1.47,162.77
3.25,-9.27,162.97
3.27,-9.44,162.93
3.29,-8.26,162.70
2.59,-7.68,162.88
2.07,-7.05,163.08
1.77,-6.36,163.04
1.48,-5.75,163.00
1.27,-5.23,162.94
1.07,-4.72,162.88
0.90,-4.30,162.81
0.76,-3.91,162.74
0.62,-3.55,162.54
0.51,-3.21,162.33
0.40,-2.94,162.13
0.31,-2.69,161.90
0.23,-2.47,161.49
0.59,-2.19,160.70
0.69,-1.88,160.01
0.35,-1.84,159.41
0.19,-1.77,158.97
0.01,-1.67,158.56
-0.13,-1.56,158.18
-0.16,-1.48,157.78
-0.18,-1.38,157.29
-0.20,-1.38,156.82
-0.26,-1.20,156.37
-0.31,-1.07,155.91
-0.35,-1.00,155.44
-0.39,-0.95,154.94
-0.35,-0.91,154.32
-0.31,-0.85,153.65
-0.34,-0.84,152.98
-0.37,-0.85,152.32
-0.40,-0.86,151.68
-0.43,-0.82,151.06
-0.47,-0.77,150.45
-0.50,-0.74,149.88
-0.50,-0.71,149.29
-0.52,-0.72,148.66
-0.45,-0.74,148.24
-0.53,-0.69,147.76
-0.52,-0.70,147.33
-0.56,-0.68,146.90
-0.58,-0.71,146.42
-0.63,-0.61,145.84
-0.63,-0.54,145.09
-0.63,-0.56,144.30
-0.63,-0.57,143.45
-0.68,-0.57,142.61
-0.68,-0.56,141.75
-0.68,-0.56,140.89
-0.64,-0.58,140.00
-0.59,-0.57,139.10
-0.61,-0.54,138.19
-0.63,-0.52,137.26
-0.59,-0.52,136.30
-0.61,-0.57,135.33
-0.61,-0.56,134.34
-0.63,-0.57,133.34
-0.62,-0.54,132.34
-0.61,-0.52,131.32
-0.61,-0.50,130.28
-0.60,-0.50,129.23
-0.59,-0.53,128.16
-0.57,-0.53,127.07
-0.58,-0.53,125.99
-0.60,-0.50,124.91
-0.62,-0.48,123.88
-0.76,-0.50,123.77
-0.60,-1.30,123.04
-0.70,-0.72,122.23
-0.75,-0.77,121.43
-0.78,-0.67,120.42
-0.86,-0.51,119.24
-0.82,-0.49,118.04
-0.78,-0.49,116.82
-0.75,-0.46,115.58
-0.72,-0.48,114.32
-0.71,-0.44,113.04
-0.68,-0.46,111.74
-0.65,-0.48,110.43
-0.63,-0.46,109.12
-0.61,-0.46,107.78
-0.59,-0.44,106.45
-0.58,-0.42,105.11
-0.56,-0.40,103.76
-0.56,-0.40,102.40
-0.57,-0.38,101.04
-0.61,-0.38,99.68
-0.61,-0.73,98.32
-0.62,-0.70,96.95
-0.62,-0.68,95.58
-0.62,-0.67,94.20
-0.63,-0.63,92.83
-0.63,-0.62,91.46
-0.62,-0.61,90.08
-0.60,-0.60,88.71
-0.58,-0.59,87.33
-0.57,-0.61,85.96
-0.58,-0.57,84.59
-0.59,-0.59,83.23
-0.56,-0.58,81.86
-0.55,-0.55,80.50
-0.53,-0.52,79.14
-0.53,-0.51,77.78
-0.55,-0.52,76.44
-0.54,-0.52,75.10
-0.54,-0.53,73.77
-0.55,-0.53,72.44
-0.55,-0.53,71.13
-0.56,-0.53,69.82
-0.55,-0.52,68.52
-0.56,-0.50,67.24
-0.55,-0.50,65.96
-0.53,-0.50,64.70
-0.52,-0.50,63.45
-0.53,-0.50,62.22
-0.53,-0.48,61.00
-0.53,-0.48,59.79
-0.55,-0.49,58.62
-0.56,-0.47,57.46
-0.55,-0.50,56.33
-0.55,-0.48,55.20
-0.54,-0.46,54.09
-0.56,-0.50,52.99
-0.56,-0.51,51.89
-0.57,-0.50,50.80
-0.56,-0.50,49.73
-0.55,-0.48,48.67
-0.55,-0.48,47.64
-0.56,-0.49,46.61
-0.56,-0.47,45.64
-0.56,-0.47,44.69
-0.54,-0.48,43.75
-0.55,-0.46,42.83
-0.56,-0.44,41.92
-0.52,-0.43,41.03
-0.52,-0.43,40.16
-0.53,-0.42,39.31
-0.53,-0.43,38.47
-0.55,-0.44,37.65
-0.54,-0.43,36.84
-0.55,-0.42,36.05
-0.54,-0.43,35.24
-0.53,-0.46,34.44
-0.53,-0.47,33.65
-0.52,-0.48,32.88
-