0.00,-0.00,-0.00
-0.00,0.05,-0.00
-0.02,0.09,-0.00
-0.04,0.09,0.00
-0.06,0.06,0.00
-0.08,0.06,0.01
-0.07,0.08,-0.38
-0.06,0.08,-0.76
-0.05,0.07,-1.13
0.01,0.08,-1.49
-0.01,0.10,-1.85
-0.03,0.11,-2.19
-0.06,0.13,-2.52
-0.08,0.13,-2.84
-0.05,0.09,-3.16
-0.04,0.10,-3.47
-0.03,0.11,-3.77
-0.05,0.12,-4.06
-0.07,0.11,-4.35
-0.07,0.10,-4.63
-0.06,0.11,-4.90
-0.05,0.13,-5.17
-0.06,0.14,-5.43
-0.08,0.15,-5.68
-0.07,0.16,-5.93
-0.06,0.17,-6.17
-0.05,0.17,-6.40
-0.04,0.20,-6.63
-0.06,0.18,-6.86
-0.08,0.19,-7.08
-0.06,0.19,-7.31
-0.05,0.20,-7.53
-0.04,0.18,-7.75
-0.06,0.18,-7.96
-0.04,0.18,-8.17
-0.03,0.16,-8.38
-0.03,0.14,-8.58
-0.03,0.13,-8.77
-0.03,0.11,-8.96
0.00,0.10,-9.15
0.00,0.08,-9.32
0.01,0.12,-9.50
-0.02,0.13,-9.65
-0.01,0.14,-9.81
0.01,0.13,-9.96
0.02,0.14,-10.10
0.00,0.15,-10.24
0.01,0.17,-10.38
-0.00,0.18,-10.65
-0.30,0.28,-10.78
-0.15,0.24,-10.72
-0.06,0.26,-9.84
0.85,0.92,-7.77
1.06,0.69,-5.50
1.29,0.65,-2.65
1.36,0.29,-0.29
1.34,0.25,1.71
1.31,0.30,3.48
1.52,0.12,4.90
1.44,-0.14,6.23
1.01,-0.28,7.23
0.87,-0.30,8.03
0.49,-0.21,8.57
0.62,-0.23,9.14
0.62,-0.26,9.72
0.51,-0.30,10.29
0.33,-0.27,10.58
0.19,-0.09,10.55
0.22,0.01,10.35
0.29,0.03,10.09
0.18,0.12,9.78
0.06,0.20,9.33
0.06,0.21,8.85
0.12,0.21,8.45
0.12,0.19,8.08
0.14,0.19,7.71
0.07,0.22,7.32
0.08,0.21,6.97
0.11,0.20,6.70
0.19,0.18,6.39
0.03,0.24,5.93
-0.09,0.26,5.42
-0.10,0.25,4.93
-0.12,0.26,4.44
-0.13,0.25,3.94
-0.25,0.29,3.25
-0.76,0.50,2.09
-1.13,0.59,0.46
-1.56,0.68,-1.56
-1.88,0.61,-3.96
-2.13,0.51,-6.68
-2.21,0.38,-10.14
-2.59,0.43,-14.28
-2.86,0.38,-18.58
-2.81,0.45,-22.72
-2.61,0.56,-25.92
-1.61,0.18,-28.70
-1.32,-0.16,-31.16
-1.34,-0.40,-33.31
-1.26,-0.54,-35.34
-1.10,-0.49,-36.99
-0.84,-0.43,-38.29
-0.71,-0.65,-39.17
-0.57,-0.40,-39.82
-0.44,-0.47,-40.10
-0.41,-0.34,-40.08
-0.32,-0.30,-39.76
-0.19,-0.22,-39.21
-0.12,-0.11,-38.50
-0.11,-0.09,-37.83
-0.10,0.01,-37.17
-0.07,0.02,-36.36
0.00,-0.12,-35.33
0.18,-0.19,-34.32
0.23,-0.07,-33.09
0.30,-0.07,-31.47
0.40,-0.10,-29.46
0.50,0.19,-26.20
1.01,-0.05,-21.62
1.55,-0.04,-16.88
2.28,0.30,-11.83
2.95,0.38,-7.19
3.91,-0.12,-3.06
4.41,-0.61,1.15
4.44,-0.97,5.62
4.06,-0.93,9.23
2.28,-0.53,11.11
1.36,-0.09,12.03
0.47,0.40,12.27
-0.13,0.75,12.34
-0.31,0.80,12.19
-0.71,0.99,11.78
-0.56,0.83,10.87
-0.52,0.72,10.02
-0.55,0.69,9.06
-0.72,0.75,7.98
-0.79,0.73,6.88
-0.95,0.76,5.64
-1.03,0.73,4.20
-1.23,0.71,2.48
-1.41,0.61,0.35
-1.55,0.40,-2.24
-1.71,0.31,-5.01
-1.64,0.27,-7.90
-1.63,0.18,-10.70
-1.44,0.19,-12.97
-1.24,0.13,-14.70
-1.12,0.03,-15.83
-0.72,-0.07,-16.50
-0.49,-0.18,-16.96
-0.24,-0.19,-16.98
-0.22,-0.12,-16.88
-0.21,-0.08,-16.74
-0.20,-0.02,-16.60
-0.20,0.04,-16.45
-0.14,0.04,-16.28
-0.14,0.03,-16.07
-0.17,0.06,-15.86
-0.17,0.08,-15.67
-0.18,0.08,-15.50
-0.19,0.13,-15.34
-0.20,0.12,-15.17
-0.21,0.11,-15.01
-0.20,0.13,-14.85
-0.21,0.12,-14.69
-0.17,0.10,-14.39
-0.11,0.05,-14.05
-0.11,0.07,-13.71
-0.00,0.12,-13.28
0.09,0.09,-12.88
0.09,0.14,-12.53
0.07,0.13,-12.25
0.05,0.12,-11.97
0.04,0.12,-11.67
0.17,0.09,-11.33
0.37,0.08,-10.77
0.20,0.18,-10.22
0.07,0.22,-9.84
0.04,0.23,-9.54
-0.03,0.22,-9.33
0.01,0.22,-9.06
0.15,0.22,-8.74
0.16,0.22,-8.41
0.01,0.35,-8.24
-0.08,0.89,-8.23
-0.25,2.31,-8.40
-0.42,3.31,-8.58
0.17,3.18,-8.40
0.08,3.10,-8.31
0.01,3.41,-8.29
-0.10,3.69,-8.41
-0.22,3.79,-8.55
-0.11,3.61,-8.82
-0.05,3.33,-9.07
-0.03,2.99,-9.31
-0.03,2.59,-9.57
-0.10,2.10,-9.83
0.03,1.41,-9.99
0.07,0.52,-10.94
0.08,-0.50,-11.86
0.06,-1.48,-12.77
0.00,-2.30,-13.67
-0.07,-2.95,-14.61
-0.08,-3.46,-15.61
-0.12,-3.89,-16.99
-0.06,-4.13,-18.44
-0.01,-4.52,-19.87
0.06,-4.89,-21.32
0.07,-5.23,-22.79
0.10,-5.53,-24.29
0.16,-5.84,-25.65
0.23,-6.24,-27.03
0.20,-6.82,-28.36
0.26,-7.28,-29.70
0.32,-7.79,-31.06
0.32,-8.31,-32.42
0.34,-8.78,-33.58
0.33,-9.37,-34.74
0.34,-9.95,-35.92
0.33,-10.53,-37.10
0.34,-11.15,-38.31
0.31,-11.88,-39.50
0.27,-12.61,-40.61
0.21,-13.49,-41.74
0.14,-14.89,-42.88
0.00,-16.77,-43.90
-0.32,-19.63,-44.50
-0.86,-22.99,-44.85
-1.76,-27.61,-44.59
-2.95,-32.87,-43.68
-3.82,-36.02,-42.51
-4.27,-36.60,-42.76
-3.76,-32.97,-44.49
-3.10,-29.91,-46.23
-2.64,-27.05,-47.94
-2.29,-24.40,-49.68
-1.91,-22.08,-51.41
-1.70,-19.93,-53.04
-1.45,-18.04,-54.60
-1.14,-16.35,-56.05
-1.05,-14.68,-57.50
-0.93,-13.20,-58.98
-0.83,-11.87,-60.42
-0.77,-10.67,-61.81
-0.74,-9.56,-63.21
-0.68,-8.57,-64.63
-0.64,-7.68,-65.30
-0.61,-6.88,-65.97
-0.58,-6.16,-66.60
-0.56,-5.53,-67.20
-0.53,-4.94,-67.76
-0.48,-4.41,-68.32
-0.43,-3.96,-67.33
-0.38,-3.53,-66.35
-0.34,-3.15,-65.39
-0.31,-2.83,-64.44
-0.30,-2.52,-63.50
-0.26,-2.24,-62.59
-0.23,-2.01,-61.54
-0.23,-1.82,-60.51
-0.20,-1.60,-59.50
-0.17,-1.43,-58.50
-0.16,-1.26,-57.52
-0.16,-1.11,-56.55
-0.16,-0.99,-55.56
-0.16,-0.88,-54.57
-0.16,-0.77,-53.61
-0.13,-0.67,-52.67
-0.10,-0.58,-51.74
-0.08,-0.51,-50.82
-0.07,-0.45,-49.90
-0.09,-0.38,-49.00
-0.09,-0.29,-48.11
-0.10,-0.25,-47.25
-0.08,-0.20,-46.40
-0.07,-0.15,-45.56
-0.05,-0.11,-44.73
-0.04,-0.07,-43.91
-0.04,-0.04,-43.11
-0.05,-0.00,-42.33
-0.04,-0.00,-41.56
-0.04,0.02,-40.81
-0.04,0.05,-40.08
-0.06,0.05,-39.36
-0.05,0.09,-38.66
-0.03,0.11,-37.97
-0.06,0.11,-37.29
-0.04,0.15,-36.63
-0.06,0.18,-35.99
-0.08,0.18,-35.35
-0.09,0.17,-34.73
-0.08,0.16,-34.13
-0.08,0.17,-33.54
-0.10,0.18,-32.96
-0.11,0.19,-32.37
-0.10,0.20,-31.80
-0.10,0.19,-31.25
-0.11,0.17,-30.70
-0.10,0.18,-30.16
-0.12,0.19,-29.64
-0.12,0.22,-29.15
-0.13,0.21,-28.68
-0.10,0.22,-28.21
-0.11,0.20,-27.75
-0.12,0.21,-27.31
-0.11,0.21,-26.88
-0.09,0.21,-26.43
-0.11,0.23,-26.00
-0.10,0.24,-25.58
-0.09,0.24,-25.16
-0.10,0.27,-24.76
-0.12,0.24,-24.37
-0.11,0.25,-23.98
-0.09,0.25,-23.60
-0.08,0.25,-23.23
-0.10,0.25,-22.87
-0.09,0.25,-22.52
-0.10,0.26,-22.17
-0.12,0.23,-21.85
-0.11,0.24,-21.53
-0.12,0.24,-21.23
-0.11,0.24,-20.92
-0.11,0.22,-20.63
-0.12,0.23,-20.35
-0.12,0.25,-20.05
-0.12,0.24,-19.77
-0.11,0.22,-19.49
-0.09,0.22,-19.21
-0.09,0.20,-18.94
-0.11,0.19,-18.68
-0.10,0.20,-18.43
-0.08,0.23,-18.18
-0.10,0.21,-17.93
-0.09,0.19,-17.70
-0.09,0.17,-17.46
-0.08,0.18,-17.23
-0.10,0.19,-17.01
-0.09,0.18,-16.79
-0.10,0.18,-16.58
-0.09,0.19,-16.38
-0.08,0.19,-16.18
-0.07,0.20,-15.98
-0.08,0.21,-15.81
-0.06,0.19,-15.64
-0.07,0.17,-15.47
-0.05,0.18,-15.30
-0.06,0.19,-15.14
-0.05,0.20,-14.99
-0.06,0.19,-14.80
-0.08,0.20,-14.62
-0.07,0.18,-14.45
-0.08,0.19,-14.28
-0.09,0.17,-14.11
-0.06,0.17,-13.94
-0.03,0.18,-13.81
-0.02,0.19,-13.68
-0.02,0.17,-13.55
-0.03,0.16,-13.42
-0.03,0.16,-13.30
-0.13,0.16,-13.59
-0.33,0.14,-13.92
-0.14,0.22,-13.91
0.02,0.22,-13.77
0.01,0.22,-13.63
-0.01,0.23,-13.49
-0.00,0.21,-13.36
-0.00,0.19,-13.22
-0.02,0.20,-13.12
-0.03,0.25,-13.13
-0.03,0.25,-13.12
-0.03,0.25,-13.10
-0.06,0.23,-13.05
-0.08,0.28,-13.03
-0.12,0.30,-13.01
-0.11,0.28,-12.98
-0.10,0.25,-12.94
-0.11,0.25,-12.96
-0.12,0.29,-13.00
-0.12,0.27,-12.99
-0.17,0.28,-13.04
-0.16,0.23,-13.04
-0.09,0.06,-13.03
-0.09,-0.05,-13.09
-0.11,-0.16,-13.17
-0.18,-0.51,-13.22
-0.23,-0.88,-13.28
-0.26,-0.89,-13.36
-0.24,-0.66,-13.53
-0.28,-0.42,-13.73
-0.24,-0.58,-13.88
-0.21,-1.07,-13.98
-0.12,-1.53,-13.94
-0.09,-1.41,-13.96
-0.11,-1.00,-14.04
-0.14,-0.86,-13.98
-0.14,-1.24,-13.85
-0.24,-1.44,-13.66
-0.32,-1.14,-13.61
-0.30,-0.65,-13.58
-0.25,-0.48,-13.45
-0.28,-0.49,-13.26
-0.26,-0.36,-13.14
-0.27,-0.07,-13.03
-0.31,0.22,-12.95
-0.37,0.34,-12.83
-0.35,0.58,-12.71
-0.35,0.85,-12.59
-0.38,0.91,-12.47
-0.40,0.94,-12.36
-0.39,0.83,-12.24
-0.38,0.93,-12.03
-0.36,0.94,-11.74
-0.45,0.91,-11.50
-0.51,0.89,-11.29
-0.48,0.77,-11.06
-0.48,0.74,-10.84
-0.53,0.64,-10.64
-0.49,0.34,-10.37
-0.40,-0.06,-10.03
-0.34,-0.27,-9.74
-0.27,-0.54,-9.36
-0.19,-0.92,-8.97
-0.11,-1.39,-8.63
-0.05,-1.87,-8.29
0.03,-2.54,-7.93
0.04,-3.06,-7.60
-0.04,-3.68,-7.27
-0.17,-4.54,-6.98
-0.32,-5.37,-6.66
-0.40,-6.24,-6.34
-0.47,-7.41,-5.98
-0.55,-8.83,-5.58
-0.60,-10.21,-5.13
-0.66,-11.50,-4.70
-0.68,-13.06,-4.21
-0.68,-14.58,-3.73
-0.72,-16.00,-3.29
-0.82,-17.60,-2.82
-1.03,-18.87,-2.43
-1.18,-19.83,-2.11
-1.30,-20.71,-1.81
-1.45,-21.84,-1.45
-1.58,-23.17,-1.07
-1.72,-24.78,-0.68
-1.92,-26.34,-0.28
-2.22,-27.54,0.00
-2.41,-27.75,0.19
-2.54,-27.77,0.32
-2.63,-27.78,0.47
-2.67,-27.75,0.61
-2.66,-27.74,0.81
-2.63,-27.70,0.99
-2.65,-27.64,1.15
-2.75,-27.61,1.28
-2.95,-27.60,1.43
-3.08,-27.64,1.59
-3.20,-27.65,1.73
-3.24,-27.65,1.88
-3.30,-27.66,2.00
-3.43,-27.58,2.07
-3.54,-27.60,2.16
-3.88,-27.51,2.65
-3.89,-27.44,2.76
-3.90,-27.36,2.84
-3.89,-27.24,2.90
-3.87,-27.03,2.96
-3.86,-26.83,3.01
-3.84,-26.69,3.08
-3.81,-26.51,3.13
-3.79,-26.27,3.16
-3.76,-26.04,3.19
-3.71,-25.81,3.23
-3.64,-25.49,3.25
-3.59,-25.22,3.29
-3.54,-25.01,3.36
-3.51,-24.89,3.43
-3.51,-24.86,3.53
-3.52,-25.01,3.66
-3.59,-25.30,3.81
-3.70,-25.78,3.99
-3.83,-26.33,4.18
-3.96,-26.81,4.36
-4.13,-27.01,4.50
-4.26,-27.14,4.57
-4.37,-27.21,4.58
-4.49,-27.23,4.49
-4.50,-27.24,4.47
-4.54,-27.37,4.49
-4.64,-27.61,4.48
-4.88,-28.33,4.36
-4.90,-28.90,4.31
-4.72,-29.70,4.34
-4.64,-30.26,4.41
-4.57,-30.64,4.47
-4.51,-30.94,4.53
-4.47,-30.94,4.58
-4.42,-30.70,4.60
-4.35,-30.50,4.60
-4.29,-30.29,4.57
-4.50,-30.16,4.46
-4.95,-29.79,4.29
-5.22,-29.23,4.15
-5.17,-28.18,4.12
-5.24,-26.95,4.11
-5.33,-26.00,4.00
-5.44,-25.25,3.85
-5.34,-24.66,3.70
-5.20,-23.73,3.46
-5.13,-22.60,3.16
-4.96,-21.25,2.84
-4.77,-19.57,2.41
-4.60,-17.90,1.99
-4.43,-16.21,1.59
-4.25,-14.46,1.21
-4.09,-12.67,0.85
-3.95,-10.83,0.51
-3.78,-9.12,0.21
-3.63,-7.31,-0.11
-3.65,-5.32,-0.31
-3.79,-3.36,-0.56
-3.97,-1.48,-0.82
-4.10,0.46,-1.06
-4.20,2.55,-1.39
-4.29,4.76,-1.73
-4.33,7.02,-2.06
-4.36,9.05,-2.34
-4.34,11.13,-2.60
-4.33,13.42,-2.86
-4.31,16.20,-3.24
-4.27,19.05,-3.61
-4.13,21.26,-3.88
-3.83,23.50,-4.03
-3.85,25.91,-4.48
-3.79,27.94,-4.90
-3.67,28.85,-5.24
-3.55,29.03,-5.51
-3.64,29.28,-5.99
-3.71,29.62,-6.52
-3.69,29.51,-6.94
-3.51,29.05,-7.23
-3.29,28.43,-7.46
-3.59,29.13,-8.41
-3.86,28.25,-9.55
-3.65,26.54,-9.82
-3.23,24.54,-9.68
-2.85,22.28,-9.44
-2.67,20.34,-9.61
-2.54,18.36,-10.47
-2.70,16.63,-11.58
-2.68,14.72,-12.24
-2.50,12.89,-12.60
-2.37,11.26,-12.70
-2.18,9.67,-12.91
-2.03,8.20,-12.90
-1.87,6.98,-12.71
-1.91,6.12,-12.61
-1.66,5.37,-12.41
-1.36,4.65,-12.33
-1.25,4.01,-12.48
-1.04,3.52,-12.63
-0.94,3.09,-12.86
-0.81,2.52,-13.02
-0.71,2.02,-13.22
-0.63,1.66,-13.45
-0.52,1.20,-13.75
-0.45,0.82,-14.04
-0.40,0.50,-14.32
-0.32,0.19,-14.60
-0.29,-0.08,-14.87
-0.24,-0.35,-15.14
-0.21,-0.58,-15.51
-0.19,-0.75,-15.87
-0.14,-0.93,-16.22
-0.13,-1.09,-16.56
-0.12,-1.26,-16.89
-0.11,-1.39,-17.22
-0.10,-1.53,-17.63
-0.07,-1.63,-17.88
-0.05,-1.71,-18.09
-0.01,-1.79,-18.40
-0.00,-1.87,-18.80
-0.30,-2.47,-19.31
-0.24,-2.34,-19.95
-0.18,-2.40,-20.49
-0.07,-2.32,-20.97
0.07,-2.14,-21.50
-0.04,-2.36,-22.34
-0.24,-2.60,-23.62
-0.08,-2.59,-24.64
0.24,-2.51,-25.35
0.11,-2.49,-25.92
-0.12,-2.31,-26.33
-0.15,-2.34,-26.72
-0.08,-2.25,-27.02
-0.09,-2.25,-27.31
-0.14,-2.28,-27.58
-0.24,-2.33,-27.95
-0.22,-2.24,-28.29
-0.24,-2.26,-28.24
-0.14,-2.22,-28.48
0.05,-2.34,-28.69
0.07,-2.77,-28.47
0.15,-2.82,-28.47
0.28,-2.58,-28.69
0.62,-2.77,-28.90
0.14,-3.04,-29.12
0.07,-3.89,-29.11
-0.30,-4.10,-29.43
-0.76,-4.31,-29.91
-1.33,-4.26,-30.27
-0.79,-3.33,-30.80
-0.03,-2.11,-31.17
0.75,-1.76,-31.95
1.52,-2.54,-32.50
1.79,-4.12,-32.95
1.88,-5.57,-33.43
2.12,-6.77,-33.84
2.46,-7.90,-34.15
2.91,-9.75,-35.21
3.31,-12.74,-36.21
3.08,-13.75,-37.35
3.16,-13.49,-38.48
3.86,-14.93,-39.48
4.01,-16.09,-40.61
3.75,-16.18,-40.98
3.78,-16.30,-41.40
3.96,-17.31,-41.92
3.99,-17.31,-42.44
3.99,-17.32,-42.82
4.20,-18.65,-43.32
4.58,-19.21,-42.84
5.01,-19.25,-42.38
5.31,-20.48,-41.92
5.45,-21.53,-41.37
5.95,-22.54,-40.97
6.39,-23.25,-40.66
6.61,-24.25,-40.19
6.76,-25.20,-39.70
7.17,-25.71,-39.33
7.55,-25.72,-39.01
7.57,-26.34,-38.48
7.51,-27.12,-37.88
7.71,-27.49,-37.43
7.76,-27.69,-37.03
7.62,-27.71,-36.64
7.46,-27.49,-36.25
7.33,-27.59,-35.78
7.31,-27.45,-35.37
7.34,-27.06,-35.09
7.10,-26.85,-34.69
6.82,-26.64,-34.29
6.82,-26.06,-33.99
6.72,-25.01,-33.73
6.39,-23.67,-33.45
5.95,-22.35,-33.15
5.82,-21.45,-32.72
5.63,-20.44,-32.25
5.22,-18.71,-31.78
4.58,-16.37,-31.37
3.85,-13.89,-31.16
2.97,-8.63,-30.92
2.01,-2.48,-30.82
0.98,1.73,-30.67
-0.19,4.65,-30.39
-1.60,8.31,-30.12
-2.72,13.66,-30.08
-3.53,20.01,-30.20
-4.60,23.82,-30.29
-5.66,25.76,-30.18
-6.17,26.24,-29.84
-6.44,27.51,-29.50
-6.70,29.43,-29.25
-7.06,30.73,-29.21
-7.49,31.03,-29.11
-7.51,30.39,-28.86
-7.13,29.88,-28.53
-6.68,29.66,-28.29
-6.24,29.20,-28.00
-5.60,28.37,-27.79
-4.85,26.99,-27.47
-4.36,25.54,-27.07
-4.04,24.27,-26.71
-3.58,22.26,-26.27
-3.07,20.23,-25.85
-2.50,18.18,-26.25
-1.94,15.88,-26.66
-1.30,13.70,-27.13
-0.75,11.63,-27.74
-0.38,9.55,-28.33
-0.16,8.15,-28.95
0.15,5.81,-30.17
0.52,3.20,-31.50
1.00,0.33,-32.93
1.48,-2.44,-34.47
2.00,-5.57,-36.03
2.49,-9.13,-37.68
3.04,-12.58,-39.06
3.72,-15.79,-40.66
4.62,-19.14,-42.37
5.53,-21.74,-43.92
6.21,-23.23,-45.29
6.46,-23.93,-46.53
6.55,-24.15,-47.61
6.77,-24.50,-48.77
6.72,-24.85,-49.88
6.48,-25.24,-50.98
6.09,-24.78,-51.98
5.74,-24.15,-52.98
5.31,-23.62,-53.95
4.93,-23.18,-54.93
4.61,-22.52,-55.94
4.34,-21.82,-56.96
4.24,-21.14,-58.05
4.09,-20.10,-59.22
4.00,-19.36,-60.51
4.00,-18.84,-61.83
3.92,-17.92,-63.13
3.80,-16.80,-64.42
3.69,-15.73,-65.77
3.57,-14.88,-67.13
3.49,-14.67,-68.48
3.26,-13.66,-69.76
2.93,-12.01,-71.01
2.72,-11.01,-72.25
2.51,-10.85,-73.51
2.17,-10.34,-74.70
1.67,-8.29,-73.78
1.14,-5.51,-72.83
0.63,-2.40,-71.88
0.04,0.80,-71.00
-0.55,3.92,-70.28
-1.25,6.69,-69.79
-1.98,8.68,-68.90
-2.46,10.19,-67.95
-2.69,11.80,-67.10
-2.89,13.43,-66.34
-2.82,14.38,-65.57
-2.34,15.11,-64.76
-1.91,16.04,-64.00
-1.61,16.62,-63.26
-1.62,16.96,-62.55
-1.46,16.80,-61.72
-1.34,16.47,-60.89
-1.26,15.85,-60.05
-1.11,14.85,-59.06
-0.92,14.15,-58.13
-1.00,12.97,-57.14
-1.01,11.19,-56.12
-0.98,9.96,-55.07
-0.87,8.68,-53.99
-0.81,7.53,-52.96
-0.76,6.52,-51.85
-0.88,5.67,-50.73
-0.79,4.96,-49.47
-0.62,4.23,-48.12
-0.55,3.61,-46.76
-0.37,2.82,-45.40
-0.33,2.44,-44.53
-0.34,1.96,-43.93
-0.31,1.51,-43.35
-0.28,1.10,-42.78
-0.24,0.73,-42.22
-0.22,0.39,-41.75
-0.19,0.09,-41.29
-0.16,-0.17,-40.85
-0.14,-0.41,-40.41
-0.12,-0.62,-39.99
-0.10,-0.81,-39.57
-0.12,-0.98,-39.26
-0.11,-1.13,-38.97
-0.10,-1.27,-38.67
-0.06,-1.38,-38.39
-0.04,-1.51,-38.11
-0.03,-1.62,-37.84
-0.05,-1.73,-37.62
-0.04,-1.79,-37.46
-0.12,-2.37,-37.40
0.45,-2.43,-37.00
0.47,-2.20,-36.54
0.23,-1.97,-36.10
0.22,-1.73,-35.71
0.08,-1.74,-35.37
0.02,-1.91,-35.12
0.07,-1.67,-34.72
0.30,-1.44,-34.19
0.28,-1.06,-33.48
0.28,-0.81,-33.02
0.11,-0.63,-32.58
-0.08,-0.72,-32.13
-0.18,-1.23,-31.58
-0.32,-2.46,-30.60
-0.15,-3.67,-29.69
0.16,-4.07,-29.22
0.07,-3.85,-28.63
0.51,-3.78,-27.98
0.83,-3.76,-27.20
0.77,-4.02,-25.72
1.17,-4.31,-24.14
1.03,-4.15,-22.73
0.67,-3.79,-21.44
0.65,-3.50,-20.16
0.59,-3.28,-19.11
0.35,-3.06,-18.38
0.12,-2.98,-17.94
0.09,-2.96,-17.55
-0.10,-2.82,-17.42
-0.70,-2.67,-17.54
-0.96,-2.52,-17.76
-0.88,-2.51,-18.04
-0.80,-2.52,-18.32
-0.71,-2.52,-18.69
-0.62,-2.51,-19.05
-0.41,-2.54,-19.24
-0.21,-2.57,-19.29
0.05,-2.61,-19.14
0.04,-2.57,-18.79
-0.08,-2.52,-18.32
0.02,-2.54,-17.75
-0.05,-2.53,-17.10
0.23,-2.59,-16.15
0.20,-2.63,-15.19
-0.09,-2.54,-14.53
0.07,-2.55,-13.89
0.01,-2.59,-13.34
-0.15,-2.53,-12.91
-0.29,-2.48,-12.79
-0.42,-2.34,-12.86
-0.58,-2.24,-13.21
-0.59,-2.25,-13.74
-1.19,-2.15,-14.79
-1.25,-2.19,-16.07
-1.06,-2.25,-17.37
-0.84,-2.32,-18.52
-0.69,-2.38,-19.59
-0.66,-2.36,-20.57
-0.16,-2.41,-20.99
-0.02,-2.43,-21.23
-0.03,-2.44,-21.41
-0.05,-2.45,-21.59
-0.07,-2.43,-21.95
-0.32,-2.30,-22.42
-0.34,-2.30,-22.92
-0.43,-2.28,-23.65
-0.62,-2.25,-24.53
-0.86,-2.21,-25.59
-1.03,-2.19,-27.04
-1.09,-2.11,-28.63
-0.85,-2.00,-30.23
-0.58,-1.97,-31.68
-0.32,-2.02,-32.94
-0.16,-2.09,-34.22
0.02,-1.98,-35.50
0.07,-1.90,-36.68
0.06,-1.92,-37.75
0.21,-2.10,-38.69
0.16,-2.34,-39.52
0.33,-2.61,-40.08
0.26,-2.59,-40.41
0.16,-2.49,-40.16
0.70,-2.78,-39.91
0.65,-2.76,-39.64
0.60,-2.70,-39.37
0.52,-2.68,-39.11
0.47,-2.66,-38.85
0.44,-2.62,-38.61
0.40,-2.64,-38.38
0.37,-2.63,-38.15
0.37,-2.62,-37.93
0.34,-2.58,-37.63
1.31,-0.93,-36.33
0.55,-2.04,-36.94
-0.05,-2.66,-37.15
-0.28,-2.53,-37.46
-0.54,-1.63,-37.94
-1.09,-0.17,-38.72
-1.21,0.08,-39.20
-0.59,-0.70,-39.22
-0.21,-1.35,-39.16
0.05,-2.10,-39.04
0.50,-3.04,-38.82
0.99,-3.56,-38.57
1.32,-3.89,-38.36
1.47,-4.31,-39.30
1.59,-4.25,-40.27
1.46,-4.07,-41.27
1.32,-3.93,-42.28
1.15,-3.72,-43.35
1.17,-3.79,-44.34
1.12,-3.94,-45.42
0.97,-4.14,-46.41
0.83,-4.64,-47.32
0.64,-4.92,-48.32
0.11,-5.17,-49.16
-0.01,-5.20,-50.09
0.01,-4.92,-51.19
-0.06,-5.06,-52.18
-0.12,-5.29,-53.11
-0.25,-5.55,-54.09
-0.41,-5.72,-55.01
-0.36,-5.97,-55.97
-0.41,-6.12,-56.97
-0.79,-6.37,-57.85
-1.13,-6.53,-58.68
-1.37,-6.59,-59.53
-1.51,-6.42,-60.39
-1.35,-6.35,-61.27
-1.24,-6.09,-62.05
-1.32,-5.69,-62.79
-1.23,-5.04,-63.57
-1.05,-4.24,-64.41
-1.09,-3.84,-65.37
-1.21,-3.48,-66.33
-1.16,-3.45,-66.54
-1.03,-3.46,-66.67
-0.87,-3.31,-66.73
-0.63,-3.39,-66.78
-0.44,-3.49,-66.85
-0.35,-3.52,-66.90
-0.31,-3.82,-66.82
-0.24,-3.59,-66.78
-0.20,-3.50,-66.74
-0.25,-3.56,-66.68
-0.37,-3.80,-66.62
-0.36,-3.79,-66.59
-0.27,-3.69,-66.74
-0.10,-3.49,-66.87
-0.05,-3.47,-67.00
0.05,-3.50,-67.11
0.09,-3.53,-67.19
0.12,-3.45,-67.32
0.24,-3.44,-67.48
0.41,-3.46,-67.64
0.59,-3.33,-67.77
0.71,-3.26,-67.86
0.75,-3.24,-67.90
0.93,-3.20,-67.99
0.88,-3.54,-68.01
0.87,-3.94,-68.01
0.90,-4.19,-68.00
0.87,-4.85,-68.00
0.86,-5.56,-68.01
0.96,-5.98,-68.10
1.08,-6.09,-68.07
1.19,-6.00,-68.12
1.43,-5.65,-68.20
1.49,-5.87,-68.20
1.43,-6.16,-68.15
1.42,-5.87,-68.22
1.35,-5.78,-68.42
1.38,-5.84,-68.62
1.59,-5.65,-68.81
1.89,-5.13,-68.97
1.96,-4.76,-69.05
1.89,-4.76,-69.05
1.67,-4.54,-68.19
1.44,-4.14,-67.37
1.69,-3.38,-66.64
1.83,-2.89,-65.85
1.81,-2.82,-65.03
1.73,-2.48,-64.27
1.75,-2.02,-63.30
1.70,-2.84,-62.28
1.50,-2.62,-61.28
1.56,-2.00,-60.35
1.88,-1.60,-59.49
1.98,-1.61,-58.62
2.02,-1.90,-57.73
2.01,-2.06,-56.76
2.09,-1.56,-55.85
2.05,-1.56,-54.97
1.91,-2.25,-54.04
1.78,-2.14,-53.12
1.88,-1.06,-52.28
1.83,-1.17,-51.42
1.71,-1.74,-50.55
1.43,-2.50,-49.70
1.11,-3.00,-48.96
0.39,-3.49,-48.67
-0.56,-4.79,-48.00
-1.68,-6.91,-47.46
-2.71,-9.08,-46.21
-4.64,-13.31,-44.63
-6.22,-15.71,-43.20
-7.50,-17.39,-41.96
-8.08,-18.41,-41.08
-7.82,-17.73,-40.73
-5.90,-15.19,-40.87
-4.37,-12.99,-41.02
-2.83,-11.23,-41.17
-1.21,-9.47,-41.25
0.49,-7.85,-41.52
2.01,-6.81,-42.04
3.54,-6.77,-42.58
4.54,-6.98,-42.53
5.40,-7.48,-42.16
6.61,-8.79,-41.87
7.67,-10.80,-41.40
8.36,-13.67,-40.65
9.09,-16.31,-39.79
9.67,-19.38,-39.21
9.79,-22.30,-38.65
9.85,-24.59,-38.21
9.81,-27.02,-38.10
9.54,-29.54,-37.90
9.31,-32.27,-37.51
9.17,-34.82,-37.04
8.74,-37.16,-36.53
8.09,-39.74,-35.92
7.60,-42.51,-35.37
7.59,-44.63,-34.81
7.47,-46.01,-34.32
7.14,-47.37,-33.87
6.99,-48.52,-33.51
6.89,-49.31,-33.25
6.97,-50.20,-33.06
7.08,-51.15,-32.84
7.10,-52.09,-32.44
6.92,-52.63,-31.93
6.82,-52.80,-31.54
6.77,-52.83,-31.35
6.54,-52.85,-31.03
6.27,-52.86,-30.62
5.94,-53.03,-30.23
5.90,-53.29,-29.99
6.01,-53.60,-29.80
6.03,-53.50,-29.60
5.93,-53.40,-29.41
5.96,-53.28,-29.19
6.01,-53.06,-28.99
6.03,-52.74,-28.85
5.95,-52.39,-28.69
5.82,-52.09,-28.43
5.69,-51.71,-28.21
5.50,-51.53,-27.96
5.39,-51.70,-27.70
5.39,-51.77,-27.42
5.23,-51.71,-27.11
5.13,-51.62,-26.80
4.98,-51.47,-26.56
4.88,-51.18,-26.41
4.71,-50.87,-26.20
4.54,-50.56,-25.97
4.43,-50.42,-25.73
4.42,-50.27,-25.56
4.32,-50.15,-25.34
4.21,-50.01,-25.10
4.15,-49.88,-24.91
4.07,-49.84,-24.68
3.99,-49.81,-24.43
3.94,-49.66,-24.20
3.78,-49.43,-23.97
3.65,-49.37,-23.70
3.64,-49.23,-23.47
3.57,-48.84,-23.28
3.49,-48.29,-23.13
3.37,-47.70,-23.01
3.25,-47.07,-22.85
3.14,-46.33,-22.63
3.02,-45.26,-22.38
2.89,-44.11,-22.26
2.76,-43.47,-22.10
2.63,-43.09,-21.87
2.58,-42.91,-21.62
2.61,-42.55,-21.44
2.54,-42.19,-21.28
2.51,-41.96,-21.18
2.54,-41.65,-21.07
2.59,-41.28,-20.99
2.59,-40.85,-20.92
2.69,-40.43,-20.84
2.89,-39.95,-20.81
3.33,-39.35,-20.94
3.75,-39.02,-21.03
3.77,-38.80,-21.03
3.69,-38.56,-21.04
3.71,-38.38,-21.06
3.75,-38.21,-21.04
3.66,-38.09,-20.92
3.56,-38.21,-20.72
3.64,-38.24,-20.63
3.70,-38.19,-20.56
3.50,-37.86,-20.30
3.33,-37.63,-20.42
3.18,-37.37,-20.29
3.20,-37.04,-20.21
3.10,-36.71,-20.02
2.95,-36.41,-19.90
2.87,-36.14,-19.77
2.83,-35.95,-19.51
2.90,-35.73,-19.29
2.84,-35.49,-18.99
2.69,-34.99,-18.62
2.61,-34.28,-18.30
2.56,-33.31,-18.02
2.53,-32.20,-17.73
2.20,-29.80,-17.24
2.16,-27.18,-16.98
2.02,-23.89,-16.96
1.91,-20.51,-16.89
1.66,-16.84,-16.84
1.40,-13.37,-16.82
1.10,-10.37,-16.64
0.72,-7.08,-16.40
0.10,-2.97,-16.11
-0.79,1.94,-15.95
-1.28,7.32,-15.68
-1.67,11.69,-15.39
-2.06,15.40,-14.94
-2.81,18.40,-14.52
-3.06,21.77,-13.83
-2.34,25.58,-12.66
-1.04,29.13,-11.35
-1.37,31.39,-10.71
-1.63,32.83,-10.14
-1.43,33.14,-9.39
-1.00,32.89,-8.53
0.03,33.60,-7.41
1.45,33.75,-5.77
2.22,34.13,-4.07
3.20,34.79,-2.45
4.17,34.86,-0.92
4.50,34.13,-0.41
4.44,32.86,-0.07
5.53,30.44,0.83
6.84,28.08,1.88
7.84,26.23,2.98
8.87,24.28,4.06
9.83,22.33,4.88
10.25,20.68,5.92
10.86,18.65,7.00
11.26,16.64,7.98
11.53,14.94,8.78
11.84,12.95,9.54
11.98,11.25,10.17
11.99,9.75,11.82
12.06,8.09,13.44
11.97,6.59,14.89
12.00,4.93,16.28
12.12,2.92,17.64
12.05,1.31,18.94
11.94,-0.27,19.98
11.83,-1.99,21.05
11.78,-3.62,22.11
11.79,-5.46,23.03
11.74,-7.28,23.95
11.81,-9.25,24.84
11.89,-11.32,25.51
11.89,-13.05,26.21
11.91,-14.69,26.93
12.07,-16.78,27.52
12.30,-19.26,28.02
12.41,-21.28,28.53
12.38,-22.79,28.84
12.34,-24.71,28.89
12.87,-26.95,28.59
13.63,-28.51,28.35
14.14,-30.60,27.92
14.43,-33.15,27.09
14.57,-35.58,26.18
14.82,-38.37,25.18
17.00,-39.73,24.24
18.93,-38.61,23.62
20.02,-38.36,23.04
20.64,-39.70,22.21
21.49,-41.01,21.52
22.21,-40.93,21.08
23.17,-41.46,20.76
24.49,-44.14,19.76
26.02,-47.42,18.19
27.41,-49.49,16.86
29.36,-52.71,14.76
31.52,-55.88,12.58
33.99,-58.57,10.43
36.34,-60.70,8.40
38.57,-62.74,6.19
40.97,-64.55,3.84
43.45,-65.81,1.60
45.28,-66.65,0.09
47.07,-67.43,-1.46
48.44,-67.93,-2.57
49.08,-67.96,-2.87
48.98,-67.64,-2.37
48.16,-67.20,-1.24
46.58,-66.51,0.62
44.33,-65.37,3.27
42.12,-63.98,6.06
40.08,-62.41,8.80
38.24,-60.94,11.32
36.40,-59.39,13.92
34.61,-57.59,16.73
32.53,-55.23,20.04
30.51,-52.47,23.44
28.31,-48.98,27.17
26.13,-44.95,31.01
24.38,-40.77,34.65
22.86,-36.75,38.06
21.41,-32.33,41.51
20.00,-26.61,44.90
18.92,-21.11,47.96
18.09,-16.52,50.62
17.18,-11.32,51.81
16.16,-6.30,52.90
15.30,-2.31,53.76
14.78,1.63,54.45
14.42,4.60,55.03
13.90,7.15,55.54
13.37,9.49,55.85
12.73,10.88,55.95
12.06,11.63,55.73
11.30,11.83,55.33
10.77,11.66,54.92
10.46,11.12,54.56
9.92,10.13,54.18
9.37,8.93,53.81
8.77,7.75,53.39
8.39,6.49,52.96
8.03,5.45,52.44
7.62,4.38,51.91
7.35,3.01,53.31
7.19,2.29,54.79
7.00,1.72,56.20
6.76,1.04,57.57
6.60,0.20,59.04
6.52,-0.71,60.46
6.40,-1.45,62.01
6.25,-2.49,63.53
6.01,-3.55,65.02
5.68,-4.82,66.44
5.50,-6.46,67.78
5.39,-7.97,69.11
5.22,-9.21,70.40
5.05,-10.19,71.73
5.02,-10.84,73.07
4.94,-11.44,74.39
4.81,-12.27,75.66
4.69,-13.41,76.95
4.64,-14.38,78.28
4.65,-15.10,79.61
4.65,-15.74,80.91
4.60,-16.59,82.20
4.52,-17.61,83.48
4.46,-18.86,84.73
4.16,-20.39,85.90
3.95,-22.11,86.96
3.74,-24.47,87.91
3.70,-26.47,88.78
3.68,-27.42,89.58
3.46,-27.92,90.33
3.21,-28.26,90.96
2.83,-28.53,91.66
2.75,-28.39,92.29
3.03,-27.39,92.97
3.41,-25.53,93.77
3.86,-23.28,94.60
4.38,-21.29,95.51
4.96,-19.53,96.48
5.48,-17.82,97.52
5.93,-16.02,98.73
6.30,-14.03,100.10
6.69,-12.14,101.47
7.00,-10.25,102.54
7.29,-8.70,103.57
7.42,-7.47,104.68
7.56,-6.63,105.77
7.73,-5.73,106.86
7.94,-4.64,107.88
8.06,-3.57,107.10
7.95,-2.90,106.38
7.77,-2.35,105.68
7.60,-1.57,104.96
7.35,-1.02,104.19
7.17,-0.77,103.46
6.96,-0.30,102.20
6.80,0.25,100.91
6.63,0.69,99.62
6.43,0.97,98.34
6.26,1.05,97.09
5.99,1.21,95.84
5.75,1.33,94.48
5.64,1.56,93.09
5.55,1.76,91.68
5.47,1.80,90.33
5.41,1.78,88.99
5.36,1.91,87.67
5.34,2.02,86.35
5.30,2.12,85.01
5.20,2.26,83.66
5.24,2.34,82.33
5.15,2.50,81.03
5.15,2.66,79.74
5.04,2.69,78.41
4.98,2.85,77.08
4.91,3.09,75.73
4.86,3.18,74.39
4.77,3.23,73.06
4.63,3.28,71.76
4.58,3.33,70.47
4.48,3.41,69.17
4.31,3.53,67.87
4.27,3.64,66.58
4.24,3.77,65.27
4.15,3.83,63.97
4.10,3.76,62.67
4.11,3.67,61.41
4.09,3.79,60.16
4.08,3.91,58.89
4.04,3.90,57.63
4.06,3.79,56.41
4.02,3.68,55.21
3.98,3.59,54.02
3.94,3.64,52.82
3.92,3.69,51.62
3.92,3.67,50.45
3.88,3.52,49.32
3.89,3.46,48.19
3.97,3.50,47.06
3.92,3.59,45.94
3.91,3.59,44.82
3.90,3.65,43.72
3.94,3.62,42.66
3.94,3.54,41.64
3.90,3.50,40.62
3.89,3.51,39.61
3.91,3.58,38.59
3.90,3.64,37.57
3.84,3.53,36.60
3.88,3.47,35.66
3.96,3.41,34.72
4.00,3.35,33.79
3.99,3.32,32.89
3.99,3.30,32.01
4.00,3.32,31.15
3.98,3.30,30.30
3.96,3.33,29.46
4.00,3.25,28.64
4.00,3.16,27.84
3.99,3.07,27.05
3.96,2.99,26.27
3.96,3.00,25.52
3.98,3.02,24.76
4.02,3.04,24.01
4.01,2.94,23.27
4.01,2.85,22.58
4.07,2.86,21.90
4.08,2.88,21.23
4.04,2.90,20.58
4.04,2.95,19.94
4.06,2.95,19.31
4.08,2.93,18.69
4.08,2.93,18.10
4.08,2.85,17.52
4.10,2.84,16.95
4.09,2.92,16.39
4.11,2.99,15.85
4.10,2.96,15.32
4.16,2.98,14.79
4.17,2.93,14.31
4.17,2.84,13.83
4.14,2.88,13.36
4.13,2.85,12.87
4.06,2.87,12.42
4.01,2.86,11.98
4.01,2.80,11.50
4.01,2.80,11.04
4.01,2.79,10.59
4.01,2.91,10.13
4.00,2.95,9.68
3.98,2.86,9.23
3.91,2.64,8.82
3.94,2.47,8.40
3.99,2.46,7.94
4.00,2.30,7.41
4.01,1.87,6.84
3.92,1.17,6.27
3.79,-0.29,5.62
3.94,-1.89,4.99
4.30,-3.06,4.51
4.38,-3.25,4.08
4.25,-2.80,3.56
4.04,-2.04,3.04
3.94,-1.28,2.55
3.87,-0.24,2.11
3.71,0.79,1.75
3.55,2.19,1.46
3.50,3.88,1.17
3.40,5.41,0.87
3.38,7.11,0.72
3.23,8.46,0.62
3.16,9.77,0.59
3.08,11.04,0.58
3.01,12.32,0.62
3.03,13.47,0.73
3.15,14.29,0.85
3.05,14.70,0.88
3.00,14.00,0.84
3.07,12.91,0.73
3.18,11.77,0.52
3.37,9.89,0.16
3.69,7.82,-0.23
4.00,6.90,-0.51
4.37,6.26,-0.75
4.61,5.75,-0.88
4.81,5.41,-1.03
4.90,5.49,-1.25
5.08,5.60,-1.40
5.12,5.95,-1.49
5.02,6.40,-1.58
4.86,6.88,-1.71
4.70,7.51,-1.85
4.36,8.48,-1.96
4.00,9.40,-2.10
3.62,10.36,-2.19
3.25,11.29,-2.27
2.98,11.99,-2.34
2.76,12.72,-2.48
2.75,13.22,-2.57
2.63,13.56,-2.70
2.32,13.71,-2.85
2.13,13.50,-2.98
2.00,13.27,-3.10
1.85,13.25,-3.24
1.67,13.29,-3.33
1.62,13.19,-3.43
1.54,13.14,-3.53
1.48,13.12,-3.69
1.44,13.01,-3.86
1.35,12.77,-4.03
1.29,12.58,-4.17
1.37,12.29,-4.25
1.43,11.96,-4.30
1.57,11.69,-4.39
1.69,11.40,-4.56
1.70,11.08,-4.76
1.46,10.68,-4.94
1.40,10.11,-5.04
1.54,9.60,-5.18
1.70,9.11,-5.34
1.72,8.70,-5.49
1.94,8.25,-5.58
2.15,7.74,-5.68
2.16,7.50,-5.78
2.18,6.94,-5.85
2.38,6.26,-5.92
2.69,5.73,-6.00
3.00,5.22,-6.10
3.25,4.87,-6.27
3.46,4.51,-6.35
3.64,3.89,-6.39
3.85,3.50,-6.37
4.14,3.50,-6.38
4.32,3.54,-6.40
4.21,3.70,-6.47
4.24,3.54,-6.32
4.21,3.45,-6.13
4.28,3.41,-5.92
4.44,3.40,-5.66
4.76,3.51,-5.39
5.26,3.09,-5.17
5.37,2.67,-4.99
5.36,2.33,-4.90
5.68,1.95,-4.66
5.87,1.83,-4.37
5.64,1.70,-4.21
5.39,1.33,-4.23
5.56,0.93,-4.09
5.96,0.56,-3.89
6.48,-0.25,-3.48
6.69,-1.20,-3.30
6.79,-2.15,-3.28
6.48,-2.67,-2.91
6.33,-2.39,-2.60
6.14,-2.02,-2.26
6.56,-2.63,-2.18
6.48,-3.67,-2.20
6.42,-3.95,-2.15
5.90,-3.85,-2.14
5.46,-3.73,-2.30
5.18,-3.67,-2.33
4.92,-3.59,-2.41
4.62,-3.52,-2.49
4.66,-3.88,-2.62
4.50,-4.44,-2.73
4.67,-4.97,-3.56
4.55,-5.52,-4.42
4.41,-5.76,-5.31
4.28,-5.97,-6.25
4.34,-6.40,-7.17
4.82,-7.32,-8.10
5.36,-8.21,-9.04
5.09,-8.48,-10.16
4.27,-8.02,-11.10
4.17,-8.44,-12.01
4.41,-9.29,-12.77
4.12,-9.54,-13.46
3.32,-9.28,-14.32
2.61,-9.25,-15.35
2.30,-9.25,-16.56
1.80,-9.33,-17.67
1.41,-9.33,-18.70
0.80,-9.10,-19.73
-0.08,-8.78,-20.74
-1.14,-7.90,-21.87
-1.90,-7.41,-23.11
-2.54,-7.16,-24.26
-3.22,-6.90,-25.41
-4.18,-6.48,-26.59
-5.15,-6.27,-27.79
-6.07,-6.12,-29.01
-6.68,-6.12,-30.25
-7.34,-6.00,-31.48
-7.95,-5.84,-32.73
-8.40,-5.92,-33.92
-8.91,-5.86,-35.10
-9.46,-5.85,-36.29
-9.76,-6.09,-37.35
-10.11,-5.99,-38.41
-10.53,-5.59,-39.56
-10.96,-5.17,-40.75
-11.23,-5.04,-41.86
-11.49,-5.01,-42.86
-11.72,-4.89,-43.87
-12.10,-4.50,-44.95
-12.36,-4.17,-46.09
-12.54,-3.91,-47.24
-12.66,-3.96,-48.28
-12.79,-4.05,-49.24
-13.03,-4.02,-50.20
-13.20,-4.13,-51.10
-13.43,-4.08,-52.03
-13.65,-4.17,-52.95
-13.85,-4.35,-53.83
-14.03,-4.55,-54.65
-14.30,-4.80,-55.41
-14.75,-4.91,-56.21
-15.32,-4.86,-57.13
-15.88,-4.64,-58.10
-16.30,-4.66,-59.11
-16.74,-4.78,-60.05
-17.20,-5.08,-60.87
-17.76,-5.22,-61.73
-18.41,-5.19,-62.70
-18.91,-5.25,-63.53
-18.65,-5.66,-64.15
-18.67,-5.91,-64.78
-18.91,-5.79,-65.51
-19.03,-5.87,-66.14
-18.91,-6.00,-66.65
-18.75,-6.00,-67.21
-18.86,-5.78,-67.86
-18.99,-5.60,-68.57
-19.09,-5.48,-69.21
-19.00,-5.67,-69.69
-19.06,-5.73,-70.19
-19.23,-5.57,-70.75
-19.45,-5.39,-71.38
-19.46,-5.32,-71.88
-19.40,-5.45,-72.29
-19.36,-5.31,-72.73
-19.49,-5.04,-73.27
-19.58,-4.90,-73.79
-19.67,-4.85,-74.23
-19.83,-4.71,-74.72
-20.06,-4.46,-75.31
-20.25,-4.22,-75.91
-20.21,-4.25,-76.38
-20.16,-4.31,-76.78
-20.23,-4.13,-77.17
-20.33,-3.93,-77.60
-20.45,-3.79,-78.02
-20.63,-3.60,-78.46
-20.60,-3.62,-78.86
-20.35,-3.77,-79.12
-20.29,-3.64,-79.41
-20.31,-3.52,-79.74
-20.29,-3.51,-80.04
-20.14,-3.50,-80.33
-19.99,-3.48,-80.62
-19.87,-3.44,-80.88
-19.62,-3.56,-81.04
-19.48,-3.52,-81.24
-19.42,-3.39,-81.50
-19.38,-3.30,-81.76
-19.45,-3.13,-82.04
-19.34,-3.09,-82.28
-19.26,-3.09,-82.50
-19.30,-3.00,-82.72
-19.34,-2.98,-82.91
-19.41,-2.76,-83.18
-19.40,-2.43,-83.51
-19.39,-2.23,-83.83
-19.39,-2.24,-84.08
-19.38,-2.40,-84.23
-19.40,-2.49,-84.38
-19.37,-2.41,-84.58
-19.39,-2.21,-84.84
-19.31,-2.19,-85.05
-19.17,-2.48,-85.15
-19.09,-2.62,-85.22
-18.96,-2.62,-85.29
-18.83,-2.54,-85.40
-18.75,-2.43,-85.53
-18.62,-2.44,-85.61
-18.52,-2.51,-85.67
-18.37,-2.57,-85.69
-18.27,-2.50,-85.79
-18.26,-2.36,-85.90
-18.10,-2.49,-85.91
-18.04,-2.58,-85.97
-18.08,-2.53,-86.03
-18.23,-2.34,-86.19
-18.48,-2.06,-86.45
-18.69,-1.90,-86.69
-18.79,-1.89,-86.87
-18.91,-1.91,-87.06
-19.10,-1.85,-87.28
-19.41,-1.62,-87.59
-19.76,-1.44,-88.01
-20.31,-1.35,-88.53
-21.19,-1.21,-89.14
-22.03,-1.04,-89.79
-22.59,-0.86,-90.49
-23.02,-0.77,-91.14
-23.22,-1.13,-91.61
-23.32,-1.53,-91.76
-23.79,-1.61,-91.89
-24.36,-1.99,-91.92
-24.87,-2.46,-91.79
-25.42,-3.42,-91.57
-24.82,-4.61,-91.35
-23.96,-6.23,-90.97
-24.12,-7.08,-90.84
-23.80,-7.44,-91.06
-22.86,-7.42,-91.65
-21.41,-7.16,-92.31
-20.10,-6.91,-92.92
-18.38,-6.94,-93.47
-16.82,-6.87,-94.00
-15.21,-6.45,-94.68
-13.48,-6.00,-95.41
-11.70,-5.35,-96.02
-9.97,-4.82,-96.45
-8.56,-4.38,-96.77
-7.28,-3.84,-96.97
-6.24,-3.29,-97.04
-5.23,-2.78,-96.84
-4.30,-2.28,-96.45
-3.39,-1.38,-95.99
-2.43,-0.44,-95.45
-1.70,0.34,-94.94
-1.17,0.76,-94.21
-0.24,1.30,-91.75
0.78,1.78,-89.03
1.75,1.57,-87.58
1.84,0.74,-87.16
2.67,0.44,-87.06
3.96,0.07,-87.53
5.30,-0.32,-88.89
6.61,-0.67,-89.97
8.13,-0.99,-90.58
9.30,-1.37,-90.85
10.19,-1.67,-90.91
10.67,-1.85,-90.98
11.08,-1.91,-91.49
11.73,-1.79,-91.72
12.26,-1.94,-92.03
12.44,-2.39,-92.49
12.31,-2.56,-92.89
12.17,-2.65,-93.36
12.33,-2.65,-93.75
12.79,-2.87,-94.52
13.63,-3.46,-95.31
14.79,-3.50,-95.84
15.13,-3.58,-96.26
14.81,-3.84,-96.82
13.98,-4.14,-97.53
13.90,-4.27,-98.16
14.55,-4.49,-98.56
14.96,-4.63,-98.99
15.32,-4.60,-99.36
15.95,-4.78,-99.57
16.48,-5.04,-99.74
16.72,-5.20,-99.92
16.64,-5.16,-100.34
16.45,-5.22,-101.05
16.50,-5.42,-101.77
16.60,-5.81,-102.59
16.98,-6.18,-103.81
16.96,-6.58,-105.16
16.91,-6.83,-106.51
17.16,-6.92,-107.62
17.53,-7.19,-108.61
17.47,-7.75,-109.70
17.16,-8.38,-110.94
16.90,-8.91,-112.17
16.96,-9.42,-113.31
17.29,-9.74,-114.34
18.25,-9.56,-115.16
19.24,-9.98,-116.53
19.39,-10.34,-118.16
19.40,-10.54,-119.67
19.65,-11.03,-121.28
20.50,-12.00,-123.32
21.03,-12.51,-125.17
21.35,-12.41,-126.74
21.51,-12.93,-128.32
21.68,-13.24,-130.09
21.51,-13.25,-131.70
21.62,-13.24,-133.31
21.83,-13.81,-134.99
21.62,-13.92,-136.01
19.79,-12.97,-136.34
17.08,-11.68,-136.55
14.57,-10.47,-136.87
12.38,-9.40,-137.25
10.20,-8.28,-137.92
8.36,-7.49,-138.81
7.18,-7.30,-138.45
6.17,-6.98,-138.00
4.85,-6.31,-137.62
3.92,-5.94,-137.40
3.93,-6.37,-137.28
3.39,-6.41,-137.15
1.98,-6.00,-136.31
0.79,-5.76,-135.50
-0.16,-5.63,-134.71
-1.00,-5.52,-133.94
-2.12,-5.23,-133.25
-3.44,-4.81,-132.54
-4.81,-4.26,-131.72
-6.20,-3.51,-131.01
-7.18,-2.92,-130.27
-8.10,-2.42,-129.51
-8.94,-1.91,-128.81
-9.57,-1.57,-128.03
-10.24,-1.11,-127.02
-11.02,-0.42,-126.16
-11.55,0.09,-125.36
-12.08,0.46,-124.51
-12.51,0.62,-123.64
-13.15,0.84,-122.77
-13.66,0.90,-121.95
-14.13,0.70,-121.15
-14.90,0.89,-120.19
-15.62,0.99,-119.23
-15.54,0.77,-118.32
-15.04,0.16,-117.38
-14.61,-0.25,-116.38
-14.72,-0.27,-115.51
-15.00,-0.06,-114.77
-15.17,0.05,-114.13
-15.32,0.16,-113.52
-15.45,0.66,-112.98
-15.92,0.96,-112.36
-16.38,1.14,-111.70
-16.76,1.37,-110.95
-17.29,1.80,-110.34
-17.98,2.24,-109.77
-18.59,2.58,-109.16
-19.35,2.90,-108.48
-20.53,3.49,-107.81
-22.54,4.75,-107.37
-25.78,6.89,-107.40
-29.78,9.52,-107.87
-33.34,11.53,-108.41
-35.64,12.42,-108.35
-36.55,12.49,-107.77
-36.69,12.19,-106.37
-36.11,11.59,-104.46
-34.42,10.17,-102.52
-32.61,8.79,-100.81
-29.75,6.87,-99.07
-27.40,4.87,-97.58
-25.05,2.56,-96.75
-23.66,1.30,-96.50
-21.58,0.11,-96.03
-18.88,-1.87,-95.24
-17.60,-3.62,-94.40
-16.11,-4.23,-93.88
-15.42,-4.21,-93.41
-13.83,-4.62,-92.84
-13.25,-5.43,-92.06
-12.78,-5.62,-91.38
-11.43,-4.79,-91.35
-9.87,-4.43,-90.94
-9.24,-4.69,-90.30
-8.62,-5.43,-89.70
-7.28,-5.61,-89.74
-6.30,-5.14,-90.15
-6.06,-4.94,-89.26
-6.37,-5.32,-88.31
-7.01,-6.12,-87.41
-7.15,-6.62,-86.72
-6.41,-6.28,-86.54
-6.09,-6.29,-86.13
-5.42,-6.23,-85.50
-5.08,-6.47,-84.58
-4.82,-6.43,-83.70
-4.19,-6.01,-83.02
-3.77,-5.34,-82.36
-4.54,-5.67,-81.48
-5.73,-6.06,-80.51
-6.41,-5.58,-79.36
-7.23,-5.16,-77.80
-7.58,-4.69,-76.04
-7.19,-3.98,-74.30
-6.72,-3.31,-72.43
-6.09,-3.00,-70.63
-5.23,-2.77,-69.52
-4.53,-2.31,-68.74
-4.27,-1.63,-67.92
-4.10,-0.88,-66.76
-4.28,-0.31,-64.61
-4.99,0.26,-61.85
-6.12,0.60,-59.09
-7.37,0.86,-57.09
-7.63,1.54,-55.74
-7.54,2.34,-54.64
-7.70,3.13,-53.70
-7.96,3.81,-53.17
-8.49,4.38,-52.92
-9.12,4.74,-52.49
-9.73,4.94,-51.64
-10.39,4.94,-50.24
-11.11,4.77,-48.78
-11.69,4.36,-47.91
-12.10,3.79,-47.64
-12.48,3.18,-47.30
-12.88,2.88,-46.48
-13.19,2.76,-44.92
-13.51,2.92,-42.80
-13.86,3.11,-40.61
-14.38,3.29,-38.52
-14.88,3.44,-36.69
-14.95,3.74,-34.97
-14.58,4.12,-33.41
-14.39,4.30,-31.97
-14.47,4.32,-30.59
-15.03,4.06,-29.20
-15.58,3.97,-27.86
-15.90,4.02,-26.53
-16.22,3.97,-25.20
-16.60,3.82,-23.94
-16.94,3.75,-22.70
-17.12,3.80,-21.45
-17.31,3.74,-20.26
-17.81,3.64,-18.98
-18.49,3.57,-17.68
-18.93,3.64,-16.51
-18.96,3.88,-15.33
-18.92,4.18,-14.08
-18.98,4.46,-12.68
-19.08,4.70,-11.43
-19.17,4.71,-10.31
-19.30,4.57,-9.28
-19.39,4.51,-8.22
-19.41,4.66,-7.15
-19.29,4.84,-6.08
-19.10,4.97,-5.07
-19.02,4.99,-4.00
-19.13,4.90,-2.90
-19.08,4.93,-1.95
-18.93,5.05,-0.96
-18.85,5.16,0.05
-18.90,5.19,1.05
-18.96,5.23,1.97
-18.85,5.35,2.84
-18.58,5.45,3.69
-18.50,5.51,4.62
-18.71,5.39,5.51
-18.90,5.19,6.32
-18.87,5.10,6.99
-18.69,5.04,7.65
-18.63,4.92,8.35
-18.77,4.88,9.22
-18.75,4.88,10.09
-18.65,4.79,10.53
-18.34,4.85,11.09
-18.03,4.82,11.57
-17.93,4.87,12.14
-17.79,5.03,12.83
-17.49,5.18,13.35
-17.05,5.25,13.69
-16.56,5.30,14.04
-16.19,5.32,14.52
-15.99,5.41,15.22
-15.79,5.59,16.10
-15.55,5.82,16.98
-15.33,5.89,17.64
-15.16,5.87,18.13
-15.01,5.88,18.62
-14.73,6.04,19.08
-14.08,6.48,19.67
-13.43,6.68,20.32
-13.27,6.59,20.76
-13.39,6.38,21.27
-13.46,6.28,21.83
-13.18,6.28,22.39
-12.59,6.32,22.78
-11.91,6.33,23.08
-11.09,6.31,23.42
-9.82,6.36,23.71
-8.33,6.63,23.88
-6.50,7.08,23.95
-4.22,7.71,23.92
-1.50,8.37,23.96
1.28,9.09,24.07
3.81,9.71,24.33
5.85,10.04,24.76
7.71,10.15,25.48
8.51,10.47,25.85
9.59,10.61,26.09
11.48,10.12,26.81
13.87,9.48,28.34
15.88,9.13,29.96
17.44,8.95,31.25
19.20,8.31,32.26
21.59,8.87,33.48
23.41,8.60,34.27
25.24,8.02,35.08
26.84,7.15,36.05
27.82,6.28,37.09
28.24,5.36,37.95
28.65,4.55,38.75
29.05,3.89,39.45
29.22,3.06,39.91
29.20,2.22,40.42
28.95,1.62,40.92
28.42,1.22,41.02
27.31,0.79,40.95
26.99,1.31,41.12
25.86,1.93,41.19
24.81,1.61,41.34
24.44,0.35,41.37
23.89,-1.58,41.12
23.75,-3.27,40.87
24.00,-3.29,40.97
23.49,-3.71,41.05
23.70,-2.05,41.21
22.80,0.30,42.42
22.85,-0.42,43.56
23.43,-0.56,45.11
23.26,-0.78,46.78
23.96,-2.42,48.32
28.13,-2.76,50.15
28.39,-2.98,51.09
26.29,-2.76,51.66
24.10,-2.81,51.98
22.61,-2.60,52.26
21.34,-2.41,52.87
19.91,-2.29,53.68
17.97,-2.28,54.32
16.21,-2.27,54.94
14.60,-2.30,55.54
13.12,-2.31,56.11
11.80,-2.29,56.67
10.62,-2.29,57.22
9.58,-2.33,57.32
8.64,-2.36,57.40
7.77,-2.39,57.49
6.99,-2.41,57.57
6.30,-2.42,57.65
5.66,-2.41,57.72
5.11,-2.40,56.72
4.59,-2.41,55.74
4.15,-2.42,54.77
3.72,-2.44,53.81
2.94,-3.11,53.14
1.42,-4.06,52.47
1.04,-4.42,49.98
1.59,-2.82,48.04
2.57,-2.49,46.03
0.53,-1.94,43.53
1.41,-2.42,41.62
1.63,-2.81,39.75
1.57,-2.33,37.54
1.77,-0.85,35.00
1.66,-0.19,31.72
1.39,-1.28,28.72
0.34,-2.27,25.90
-0.31,-2.67,22.52
-1.23,-2.98,18.92
-0.34,-3.14,15.49
0.28,-2.92,12.39
0.60,-3.05,9.41
0.16,-3.01,5.96
-0.54,-3.43,2.14
-0.51,-3.97,-1.65
0.15,-4.03,-4.61
1.24,-3.55,-6.53
1.40,-3.19,-8.42
1.18,-3.11,-11.19
0.46,-2.39,-14.36
0.39,-2.29,-17.66
0.73,-2.55,-21.14
0.44,-2.48,-24.85
-0.05,-2.56,-28.60
-0.09,-2.59,-32.04
0.46,-2.31,-35.07
1.05,-2.40,-37.75
1.30,-2.58,-40.49
0.95,-2.17,-43.76
0.28,-1.48,-47.24
0.31,-1.78,-50.90
0.39,-1.49,-54.64
0.38,-1.50,-57.12
-0.54,-1.56,-60.42
-1.92,-1.39,-64.00
-2.27,-1.86,-67.32
-1.16,-2.25,-70.09
-0.23,-2.07,-72.42
0.63,-1.89,-75.56
1.10,-2.01,-78.31
1.52,-2.22,-80.57
1.75,-2.05,-82.51
1.77,-2.46,-84.56
1.82,-1.99,-86.41
1.73,-2.04,-86.92
1.63,-1.97,-87.28
1.19,-1.80,-87.37
1.03,-1.82,-87.32
0.69,-1.93,-87.09
0.34,-1.62,-86.73
0.36,-1.63,-86.12
0.44,-1.71,-85.28
0.51,-1.51,-84.31
0.48,-1.63,-83.28
0.63,-1.81,-82.19
0.39,-1.53,-81.25
-0.06,-1.48,-80.68
-0.14,-1.76,-80.17
-0.54,-1.99,-79.77
-0.67,-2.08,-79.53
-0.48,-2.28,-79.33
-0.34,-2.68,-79.20
-0.14,-2.82,-79.32
-0.20,-2.83,-79.47
-0.33,-2.81,-79.67
-0.38,-2.83,-79.97
-0.38,-2.77,-80.28
-0.40,-2.60,-80.57
-0.31,-2.32,-80.97
0.12,-1.82,-81.14
0.45,-1.51,-81.21
0.28,-1.30,-81.32
-0.27,-1.13,-81.54
-0.79,-1.19,-81.77
-0.75,-1.70,-81.49
-0.96,-1.35,-81.31
-0.90,-1.40,-81.14
-0.94,-1.53,-81.00
-1.01,-1.60,-80.88
-1.19,-1.75,-80.80
-1.33,-1.88,-81.06
-1.26,-1.88,-81.30
-1.10,-2.02,-81.53
-1.05,-2.09,-81.82
-0.87,-2.20,-82.13
-0.55,-2.32,-82.45
-0.33,-2.35,-82.92
-0.32,-2.48,-83.39
-0.52,-2.76,-83.88
-1.14,-2.89,-84.42
-1.80,-2.98,-84.98
-2.70,-3.03,-85.52
-3.58,-3.10,-86.29
-4.72,-3.15,-87.07
-6.00,-2.92,-87.80
-6.68,-2.56,-88.51
-6.91,-2.40,-89.17
-6.94,-2.36,-89.82
-6.90,-2.47,-90.37
-6.87,-2.53,-90.97
-6.72,-2.36,-91.62
-6.89,-2.32,-92.25
-6.27,-2.08,-92.88
-5.49,-1.91,-93.57
-4.69,-1.82,-93.97
-4.06,-1.72,-94.37
-3.73,-1.68,-94.76
-3.76,-1.63,-95.12
-3.73,-1.66,-95.47
-3.41,-1.69,-95.82
-3.04,-1.80,-96.12
-2.44,-1.75,-96.43
-1.96,-1.66,-96.73
-1.96,-1.59,-97.03
-2.24,-1.52,-97.35
-2.89,-1.58,-97.66
-3.88,-1.67,-98.08
-5.97,-1.58,-98.58
-8.88,-1.50,-99.09
-12.12,-1.62,-99.53
-15.15,-1.95,-99.92
-17.52,-2.56,-100.16
-19.31,-3.06,-100.44
-20.72,-3.52,-100.95
-21.67,-3.86,-101.59
-22.32,-4.16,-102.24
-22.47,-4.33,-102.86
-22.34,-4.42,-103.45
-22.20,-4.47,-104.00
-22.17,-4.45,-104.50
-22.33,-4.80,-104.81
-22.38,-5.26,-105.12
-22.23,-5.58,-105.48
-22.10,-5.82,-105.88
-22.06,-6.11,-106.34
-22.18,-6.51,-106.75
-22.33,-6.48,-107.35
-22.38,-6.54,-107.91
-22.36,-6.58,-108.48
-22.21,-6.71,-109.08
-22.03,-6.78,-109.82
-21.87,-6.79,-110.57
-21.67,-6.70,-111.43
-21.27,-6.80,-112.13
-20.77,-6.86,-112.90
-20.06,-6.94,-113.69
-18.71,-6.91,-114.47
-16.05,-7.36,-114.93
-12.26,-7.93,-115.54
-7.72,-8.13,-116.42
-2.47,-7.87,-117.50
2.01,-7.53,-118.39
6.77,-6.53,-118.99
12.20,-5.55,-119.48
16.88,-5.35,-120.11
21.29,-4.54,-120.78
24.38,-3.51,-121.38
26.79,-2.67,-121.87
28.44,-2.10,-122.43
30.17,-1.98,-123.21
31.65,-2.20,-124.09
32.68,-2.37,-124.72
32.73,-2.07,-125.36
32.45,-2.15,-126.35
32.85,-2.70,-127.29
33.19,-3.00,-127.95
31.95,-3.11,-128.52
31.08,-3.54,-129.26
30.67,-3.89,-129.89
29.91,-4.45,-130.28
29.57,-4.92,-130.74
28.90,-5.13,-131.23
28.61,-5.24,-131.75
29.13,-5.50,-132.28
29.37,-5.78,-132.61
30.33,-5.66,-133.15
33.41,-6.07,-134.34
33.80,-6.56,-135.19
33.97,-6.43,-135.73
36.78,-6.55,-136.90
39.07,-6.82,-138.16
41.44,-6.82,-139.46
43.64,-7.05,-140.70
45.32,-7.23,-141.86
46.68,-7.39,-142.99
47.48,-7.51,-144.00
47.40,-7.57,-145.08
47.32,-7.41,-145.91
46.08,-7.40,-147.15
44.67,-7.35,-148.08
43.48,-7.27,-148.99
41.95,-7.22,-149.95
39.51,-7.13,-151.02
35.92,-6.82,-152.36
31.12,-6.40,-153.32
25.19,-5.98,-154.09
18.30,-5.92,-154.57
11.94,-5.86,-154.92
7.37,-5.89,-155.49
3.77,-6.45,-156.25
-1.38,-6.59,-156.06
-7.14,-6.86,-155.78
-11.75,-7.59,-155.76
-15.65,-8.52,-155.75
-17.27,-9.00,-155.96
-18.36,-8.74,-156.37
-18.14,-8.80,-156.33
-14.14,-9.76,-155.69
-12.87,-10.03,-155.57
-11.28,-9.57,-155.57
-10.09,-9.47,-155.55
-9.40,-9.09,-155.33
-8.19,-8.45,-155.57
-7.17,-7.84,-155.78
-6.49,-7.43,-155.95
-6.07,-7.05,-156.03
-5.48,-6.70,-156.14
-4.90,-6.23,-156.23
-4.37,-5.83,-157.18
-3.89,-5.47,-158.17
-3.52,-5.03,-159.21
-3.16,-4.73,-160.23
-2.82,-4.49,-161.25
-2.54,-4.03,-162.34
-2.15,-3.65,-163.99
-1.83,-3.44,-165.64
-1.50,-3.22,-167.18
-1.21,-3.19,-168.57
-0.84,-2.73,-169.96
-0.86,-2.85,-171.31
-0.82,-2.98,-172.68
-0.71,-2.79,-174.10
-0.66,-3.04,-175.49
-0.57,-3.28,-176.83
-0.64,-3.36,-178.12
-0.64,-3.18,-179.42
-0.62,-3.28,179.35
-0.61,-3.26,178.12
-0.59,-3.14,176.90
-0.53,-3.07,175.69
-0.47,-2.98,174.47
-0.45,-2.86,173.17
-0.39,-2.79,171.79
-0.39,-2.47,170.18
-0.21,-2.46,168.53
-0.08,-2.27,166.86
0.06,-2.14,165.18
0.14,-2.18,163.64
0.17,-2.27,162.25
0.14,-2.36,160.92
0.14,-2.37,159.58
0.15,-2.34,158.27
0.17,-2.19,157.08
0.18,-2.35,155.92
0.14,-2.42,154.81
0.10,-2.43,153.71
0.07,-2.45,152.64
0.03,-2.46,151.54
-0.02,-2.55,150.44
-0.08,-2.57,149.36
-0.09,-2.59,148.34
-0.10,-2.56,147.37
-0.09,-2.48,146.43
-0.12,-2.42,145.52
-0.15,-2.40,144.62
-0.17,-2.40,143.76
-0.16,-2.36,142.90
-0.17,-2.28,142.06
-0.15,-2.24,141.25
-0.14,-2.23,140.48
-0.13,-2.18,139.72
-0.08,-2.18,138.99
-0.00,-2.09,138.18
-0.07,-2.21,137.37
-0.10,-2.40,136.55
-0.13,-2.43,135.75
-0.10,-2.40,134.94
-0.10,-2.36,134.14
-0.10,-2.36,133.42
-0.10,-2.33,132.71
-0.07,-2.32,132.02
-0.05,-2.31,131.32
-0.02,-2.28,130.63
0.01,-2.21,129.98
-0.02,-2.23,129.32
-0.00,-2.10,128.71
-0.10,-2.16,128.16
-0.14,-2.32,127.64
-0.11,-2.32,127.16
0.01,-2.38,126.66
0.15,-2.17,126.19
0.10,-2.14,125.70
-0.14,-2.15,125.06
-0.55,-1.75,124.14
-1.19,-0.76,123.00
-1.61,0.43,121.93
-1.36,2.11,120.96
-0.80,3.73,120.30
-0.46,4.97,119.68
-0.37,5.69,118.86
-0.29,6.26,118.11
-0.12,6.95,117.55
0.36,7.39,117.97
0.80,7.70,118.51
0.99,7.78,118.90
0.92,7.39,119.01
0.51,7.12,118.87
0.20,6.96,118.79
0.27,7.03,119.86
0.53,6.78,121.03
0.82,6.29,122.26
1.12,5.60,123.45
1.49,4.88,124.62
1.89,3.92,125.75
2.17,2.56,126.81
2.14,1.07,127.77
2.06,0.01,128.62
2.03,-0.73,129.47
1.98,-1.29,130.30
1.89,-2.04,131.13
1.90,-2.28,132.05
1.96,-2.47,132.95
1.98,-2.37,133.87
1.91,-1.70,134.86
1.85,-0.71,135.85
1.88,0.19,136.73
1.73,1.40,137.81
1.62,2.68,138.84
1.53,3.48,139.79
1.40,4.11,140.75
1.28,4.61,141.67
1.15,4.88,142.55
1.06,4.80,143.42
0.95,4.69,144.28
0.85,4.51,145.13
0.79,4.41,145.92
0.72,4.25,146.70
0.70,4.12,147.44
0.70,4.06,148.15
0.74,4.16,148.81
0.78,4.23,149.46
0.81,4.31,150.12
0.81,4.62,150.80
0.81,4.99,151.46
0.80,5.16,152.11
0.72,5.28,152.79
0.65,5.38,153.45
0.59,5.36,154.09
0.48,5.18,154.72
0.39,4.90,155.35
0.36,4.32,155.90
0.60,2.95,156.42
1.03,0.93,156.89
1.50,-1.30,157.33
2.09,-3.66,157.73
2.41,-6.02,157.98
2.62,-8.75,158.12
2.72,-11.46,158.32
2.49,-14.09,158.71
2.28,-16.35,159.16
2.06,-18.26,159.53
1.72,-20.26,159.77
1.35,-22.59,159.86
0.97,-25.12,159.88
0.75,-27.61,159.98
0.66,-29.99,160.32
0.54,-31.90,160.79
-0.12,-32.93,161.57
-0.81,-33.56,162.46
-1.32,-33.92,163.29
-1.74,-33.92,164.05
-2.05,-33.39,164.67
-2.33,-32.66,165.08
-2.65,-31.73,165.41
-2.70,-31.36,165.64
-2.43,-31.21,165.79
-1.76,-30.51,165.68
-1.30,-29.89,165.59
-1.18,-28.57,165.65
-1.35,-27.44,165.84
-1.25,-26.27,165.89
-0.84,-24.81,165.87
-0.66,-23.45,165.94
-0.51,-21.71,166.01
-0.42,-20.47,166.02
-0.41,-18.78,166.06
-0.26,-17.16,165.79
-0.16,-15.71,165.41
-0.09,-14.39,165.05
0.04,-13.24,164.68
0.15,-12.12,164.28
0.17,-11.12,163.88
0.17,-10.23,163.15
0.20,-9.35,162.49
0.23,-8.59,162.01
0.28,-7.91,161.58
0.18,-7.30,161.14
0.31,-6.79,160.75
0.29,-6.38,160.02
0.29,-5.96,159.32
0.25,-5.61,158.59
0.24,-5.27,157.89
0.20,-4.97,157.18
0.11,-4.70,156.49
0.08,-4.45,155.55
0.12,-4.23,154.63
0.12,-4.01,153.73
0.13,-3.84,152.84
0.13,-3.65,151.93
0.17,-3.54,151.04
0.17,-3.39,150.00
0.17,-3.25,148.94
0.16,-3.10,147.82
0.22,-2.93,146.67
0.25,-2.80,145.61
0.33,-2.60,144.59
0.34,-2.55,143.54
0.28,-2.51,142.57
0.20,-2.60,141.60
0.19,-2.61,140.68
0.16,-2.57,139.78
0.16,-2.54,138.90
0.19,-2.49,138.02
0.18,-2.47,137.16
0.17,-2.43,136.31
0.17,-2.39,135.48
0.20,-2.33,134.66
0.18,-2.31,133.87
0.21,-2.29,133.02
0.21,-2.27,132.19
0.20,-2.25,131.36
0.17,-2.23,130.54
0.16,-2.19,129.75
0.16,-2.18,128.98
0.18,-2.17,128.22
0.17,-2.16,127.49
0.17,-2.17,126.81
0.20,-2.21,126.19
0.24,-2.27,125.58
0.24,-2.16,125.02
0.30,-2.11,124.46
0.34,-2.09,123.86
0.34,-2.06,123.18
0.37,-2.01,122.48
0.24,-2.06,121.79
0.18,-2.09,121.13
0.14,-2.11,120.48
0.11,-2.14,119.85
0.09,-2.16,119.24
0.18,-2.18,118.68
0.14,-2.16,118.16
0.11,-2.16,117.67
0.16,-2.14,117.25
0.20,-2.08,116.91
0.17,-2.11,116.57
0.19,-2.11,116.23
0.12,-2.13,115.89
0.16,-2.13,115.55
0.14,-2.14,115.21
0.14,-2.19,114.83
0.14,-2.19,114.43
0.14,-2.17,114.04
0.14,-2.17,113.66
0.15,-2.20,113.27
0.15,-2.20,112.90
0.17,-2.17,112.54
0.18,-2.18,112.18
0.18,-2.19,111.82
0.19,-2.20,111.47
0.19,-2.20,111.13
0.19,-2.21,110.79
0.25,-2.22,110.27
0.46,-2.06,109.57
0.15,-1.35,108.81
0.58,-1.82,109.38
1.59,-2.01,110.97
2.14,-2.08,113.11
2.42,-2.08,115.40
2.47,-2.00,117.82
2.24,-1.87,120.02
1.75,-1.77,121.85
1.25,-1.77,123.22
0.68,-1.84,124.32
0.21,-1.88,125.17
-0.18,-1.91,125.57
-0.56,-1.93,125.55
-0.81,-1.97,125.21
-1.00,-2.05,124.70
-0.90,-2.07,125.09
-0.79,-2.06,125.47
-0.67,-2.07,125.85
-0.57,-2.08,126.22
-0.49,-2.08,126.58
-0.43,-2.09,126.92
-0.34,-2.11,127.18
-0.28,-2.12,127.44
-0.24,-2.15,127.68
-0.20,-2.14,127.93
-0.16,-2.12,128.16
-0.13,-2.13,128.39
-0.10,-2.13,128.48
-0.07,-2.14,128.57
-0.05,-2.17,128.66
-0.02,-2.18,128.74
0.01,-2.19,128.82
0.03,-2.17,128.90
0.04,-2.17,128.99
0.06,-2.16,129.08
0.06,-2.16,129.17
0.07,-2.16,129.25
0.09,-2.16,129.34
0.09,-2.17,129.42
0.11,-2.18,129.48
0.12,-2.17,129.54
0.12,-2.17,129.60
0.13,-2.18,129.65
0.13,-2.19,129.71
0.13,-2.19,129.76
0.13,-2.18,129.81
0.14,-2.19,129.86
0.12,-2.17,129.90
0.12,-2.20,129.95
0.13,-2.20,129.99
0.13,-2.17,130.03
0.12,-2.15,130.04
0.14,-2.16,130.04
0.15,-2.14,130.05
0.16,-2.15,130.05
0.16,-2.15,130.06
0.17,-2.13,130.07
0.16,-2.14,130.05
0.17,-2.15,130.03
0.23,-2.17,129.99
0.18,-2.22,128.72
-0.18,-2.59,126.96
-0.54,-3.12,125.38
-0.85,-3.55,124.14
-0.60,-3.37,123.31
-0.20,-3.05,122.83
0.15,-2.73,122.52
0.44,-2.51,122.39
0.58,-2.39,122.49
0.78,-2.14,122.52
0.95,-1.94,122.74
1.03,-1.93,123.17
0.97,-1.96,123.67
0.85,-1.92,124.09
0.65,-1.86,124.39
0.47,-1.82,123.81
0.40,-1.80,123.18
0.29,-1.80,122.50
0.21,-1.84,121.77
0.03,-2.09,120.89
-0.11,-2.00,119.98
-0.18,-2.00,119.14
-0.04,-2.08,118.30
-0.09,-2.06,117.44
-0.15,-2.06,116.60
-0.12,-2.03,115.83
-0.02,-2.03,115.19
0.06,-2.05,114.58
0.11,-2.04,114.00
0.11,-2.06,113.43
0.11,-2.05,112.85
0.11,-2.07,112.25
0.08,-2.06,111.62
0.10,-2.06,110.98
0.11,-2.08,110.36
0.13,-2.09,109.74
0.15,-2.12,109.17
0.15,-2.16,108.64
0.16,-2.17,108.12
0.16,-2.20,107.61
0.19,-2.22,107.09
0.23,-2.20,106.60
0.27,-2.21,106.16
0.25,-2.18,105.74
0.23,-2.17,105.33
0.23,-2.15,104.94
0.24,-2.16,104.57
0.23,-2.16,104.21
0.20,-2.16,103.85
0.20,-2.20,103.48
0.20,-2.20,103.12
0.17,-2.20,102.78
0.12,-2.23,102.43
0.07,-2.22,102.02
0.03,-2.25,101.63
0.06,-2.21,101.26
0.10,-2.21,100.92
0.10,-2.22,100.57
0.10,-2.22,100.19
0.10,-2.25,99.82
0.13,-2.25,99.43
0.13,-2.23,99.04
0.14,-2.23,98.61
0.13,-2.21,98.14
0.13,-2.21,97.63
0.15,-2.19,97.09
0.18,-2.18,96.51
0.16,-2.13,95.90
0.17,-2.15,95.30
0.08,-2.13,94.64
0.15,-2.27,93.97
0.16,-2.29,93.30
0.28,-2.30,92.68
0.34,-2.24,92.20
0.40,-2.27,91.78
0.40,-2.29,91.43
0.37,-2.28,91.18
0.36,-2.28,91.01
0.37,-2.25,90.89
0.34,-2.26,90.80
0.30,-2.28,90.74
0.29,-2.28,90.72
0.28,-2.28,90.71
0.26,-2.28,90.69
0.29,-2.25,90.67
0.30,-2.22,90.66
0.31,-2.22,90.65
0.29,-2.22,90.63
0.31,-2.21,90.61
0.30,-2.21,90.58
0.33,-2.19,90.55
0.32,-2.19,90.53
0.31,-2.17,90.50
0.29,-2.18,90.43
0.29,-2.16,90.37
0.31,-2.14,90.31
0.37,-2.12,90.33
0.56,-2.17,90.51
0.48,-2.19,90.64
0.37,-2.16,90.73
0.31,-2.15,90.80
0.19,-2.12,90.78
0.16,-2.10,90.72
0.17,-2.09,90.68
0.22,-2.10,90.64
0.17,-2.10,90.52
0.18,-2.11,90.41
0.21,-2.10,90.30
0.20,-2.11,90.19
0.21,-2.12,90.08
0.22,-2.13,89.98
0.21,-2.15,89.89
0.23,-2.15,89.80
0.26,-2.16,89.72
0.25,-2.17,89.63
0.25,-2.20,89.55
0.25,-2.20,89.47
0.23,-2.20,89.42
0.23,-2.20,89.37
0.19,-2.20,89.32
0.20,-2.18,89.27
0.19,-2.19,89.23
0.20,-2.19,89.18
0.20,-2.18,89.18
0.34,-2.20,89.22
0.28,-2.20,89.24
0.28,-2.20,89.25
0.26,-2.20,89.26
0.20,-2.18,89.25
0.21,-2.18,89.24
0.23,-2.18,89.28
0.25,-2.18,89.32
0.22,-2.18,89.35
0.20,-2.19,89.38
0.20,-2.19,89.39
0.15,-2.14,89.40
0.12,-2.12,89.44
0.12,-2.16,89.48
0.15,-2.14,89.54
0.16,-2.15,89.55
0.19,-2.16,89.50
0.18,-2.14,89.48
0.20,-2.15,89.47
0.18,-2.15,89.51
0.21,-2.18,89.59
0.23,-2.20,89.67
0.16,-2.20,89.71
0.15,-2.20,89.70
0.12,-2.19,89.67
0.13,-2.20,89.63
0.14,-2.18,89.63
0.24,-2.16,89.68
0.27,-2.17,89.75
0.23,-2.15,89.82
0.30,-2.11,89.91
0.20,-2.13,89.96
0.13,-2.19,89.93
0.20,-2.19,89.98
0.47,-2.12,90.31
0.89,-2.10,90.82
1.18,-2.11,91.70
1.25,-2.09,92.73
1.19,-2.10,93.78
1.09,-2.08,94.79
0.86,-2.08,95.66
0.68,-2.08,96.42
0.42,-2.12,96.97
0.09,-2.13,97.24
-0.08,-2.13,97.28
-0.18,-2.12,97.20
-0.24,-2.12,97.04
-0.24,-2.14,96.99
-0.20,-2.14,96.95
0.02,-2.17,96.95
-0.14,-2.16,96.86
-0.11,-2.16,96.76
-0.09,-2.19,96.69
-0.08,-2.25,96.59
-0.07,-2.27,96.49
-0.03,-2.21,96.35
-0.00,-2.22,96.21
0.03,-2.22,96.08
0.03,-2.22,95.94
-0.01,-2.22,95.85
-0.06,-2.15,95.74
-0.01,-2.16,95.63
0.00,-2.14,95.53
-0.02,-2.15,95.46
0.02,-2.17,95.41
0.01,-2.20,95.32
0.01,-2.20,95.22
0.01,-2.23,95.12
-0.00,-2.20,95.03
-0.01,-2.21,94.95
-0.00,-2.21,94.87
-0.01,-2.23,94.87
0.01,-2.23,94.88
0.03,-2.20,94.89
0.04,-2.23,94.90
0.05,-2.20,94.91
0.07,-2.22,94.91
0.06,-2.20,94.80
0.07,-2.20,94.70
0.06,-2.18,94.60
0.07,-2.18,94.55
0.26,-2.40,94.65
0.16,-2.28,94.74
0.11,-2.22,94.95
0.12,-2.24,95.17
0.14,-2.27,95.40
0.09,-2.24,95.58
-0.03,-2.22,95.71
0.00,-2.20,95.74
0.07,-2.23,95.84
0.22,-2.20,96.05
0.28,-2.19,96.32
0.26,-2.19,96.56
0.19,-2.22,96.73
0.20,-2.21,96.89
0.17,-2.21,96.86
0.15,-2.21,96.82
0.10,-2.19,96.75
0.03,-2.17,96.66
0.02,-2.14,96.53
0.02,-2.15,96.39
0.01,-2.15,96.32
-0.01,-2.16,96.23
0.01,-2.17,96.15
0.04,-2.20,96.09
0.19,-2.19,97.11
0.25,-2.60,99.09
-0.29,-3.32,101.98
-0.83,-3.57,107.17
0.11,-2.70,112.39
0.36,-2.18,116.04
0.33,-1.78,117.58
0.18,-1.62,117.22
-0.15,-1.85,116.70
-0.14,-1.91,117.16
0.21,-1.93,118.68
0.32,-2.06,120.03
-0.03,-1.54,121.11
-0.64,-1.26,122.04
-0.55,-1.47,122.19
-0.68,-1.27,122.09
-1.00,-1.27,122.61
-1.73,-1.68,123.11
-1.12,-1.77,123.37
0.23,-1.90,124.11
0.72,-2.29,126.41
1.25,-2.64,129.62
1.65,-2.90,132.89
1.49,-2.72,135.56
0.96,-1.95,137.60
0.49,-1.33,138.96
-0.05,-1.10,139.48
-0.16,-1.15,140.11
0.11,-1.52,140.86
0.33,-1.78,141.80
0.30,-1.94,142.35
-0.12,-1.88,142.38
-0.04,-1.88,142.45
-0.05,-1.93,142.36
-0.12,-1.89,142.25
-0.19,-1.78,141.84
-0.24,-1.69,141.14
-0.24,-1.61,140.34
-0.11,-1.60,139.66
-0.08,-1.69,138.96
-0.08,-1.74,138.23
-0.05,-1.77,137.51
-0.02,-1.74,136.90
-0.02,-1.76,136.25
-0.05,-1.78,135.55
-0.02,-1.80,134.86
-0.07,-1.91,134.22
-0.11,-2.03,133.58
-0.10,-2.07,132.97
-0.08,-2.14,132.43
0.13,-2.23,131.96
0.08,-2.21,131.54
0.09,-2.21,131.02
-0.11,-2.12,130.28
-0.20,-2.04,129.42
-0.26,-2.04,128.42
-0.23,-2.03,127.37
-0.20,-2.05,126.33
-0.19,-2.07,125.24
-0.18,-2.08,124.12
-0.09,-2.09,123.04
-0.07,-2.11,121.97
-0.06,-2.13,120.89
-0.06,-2.16,119.80
-0.07,-2.17,118.70
-0.05,-2.20,117.58
-0.05,-2.18,116.54
-0.09,-2.21,115.51
-0.10,-2.17,114.39
-0.12,-2.16,113.22
-0.11,-2.19,112.04
-0.14,-2.17,110.87
-0.10,-2.14,109.72
-0.12,-2.15,108.53
-0.10,-2.16,107.33
-0.09,-2.16,106.19
-0.05,-2.28,105.02
-0.08,-2.18,103.84
-0.09,-2.19,102.50
-0.22,-2.19,101.18
-0.09,-2.15,99.86
-0.06,-2.13,98.53
-0.07,-2.12,97.18
-0.08,-2.11,95.84
-0.10,-2.10,94.51
-0.09,-2.11,93.18
-0.10,-2.12,91.84
-0.09,-2.13,90.49
-0.08,-2.16,89.14
-0.05,-2.17,87.80
-0.07,-2.17,86.45
-0.07,-2.15,85.11
-0.05,-2.04,83.81
-0.09,-2.07,82.49
0.02,-2.04,81.24
-0.02,-2.17,79.92
-0.02,-2.18,78.62
-0.03,-2.14,77.39
-0.13,-2.15,76.09
-0.15,-2.25,74.79
-0.12,-2.32,73.53
-0.13,-2.35,72.19
-0.11,-2.35,71.00
-0.18,-2.06,70.05
-0.22,-2.05,69.04
-0.15,-2.11,67.88
-0.22,-2.26,66.56
-0.37,-2.20,65.09
-0.38,-2.18,63.64
-0.12,-2.22,62.38
-0.10,-2.22,61.00
-0.20,-2.09,59.48
0.05,-2.29,58.07
-0.05,-2.20,56.56
-0.25,-2.07,54.73
-0.29,-2.05,52.74
-0.14,-2.14,50.94
-0.13,-2.10,49.22
-0.09,-2.18,47.59
0.08,-2.27,46.09
0.03,-2.26,44.69
0.11,-2.30,43.42
0.11,-2.27,42.12
0.09,-2.27,40.83
0.07,-2.26,39.65
0.06,-2.24,38.44
0.03,-2.22,37.28
0.09,-2.28,36.18
0.08,-2.27,35.11
0.12,-2.29,34.15
0.11,-2.31,33.25
0.16,-2.34,32.32
0.14,-2.33,31.38
0.12,-2.32,30.52
0.10,-2.33,29.80
0.09,-2.35,29.08
0.08,-2.37,28.38
0.07,-2.33,27.71
0.07,-2.34,27.06
0.03,-2.31,26.41
0.01,-2.31,25.66
-0.00,-2.27,24.96
0.00,-2.29,24.32
-0.01,-2.28,23.71
-0.03,-2.27,23.12
-0.02,-2.26,22.54
-0.03,-2.26,22.01
-0.03,-2.26,21.50
-0.02,-2.26,20.99
-0.02,-2.26,20.49
-0.02,-2.26,20.01
-0.01,-2.25,19.54
-0.03,-2.23,19.06
-0.05,-2.23,18.59
-0.05,-2.21,18.13
-0.04,-2.19,17.68
-0.03,-2.20,17.25
-0.03,-2.19,16.82
-0.01,-2.20,16.37
-0.00,-2.22,15.94
-0.01,-2.24,15.51
-0.03,-2.24,15.10
-0.03,-2.23,14.69
-0.02,-2.23,14.29
-0.03,-2.24,13.91
-0.04,-2.21,13.53
-0.03,-2.22,13.16
-0.03,-2.23,12.80
-0.06,-2.23,12.45
-0.06,-2.23,12.10
-0.08,-2.23,11.81
-0.09,-2.23,11.53
-0.09,-2.25,11.25
-0.09,-2.25,10.97
-0.10,-2.24,10.71
-0.12,-2.26,10.45
-0.12,-2.28,10.14
-0.11,-2.27,9.83
-0.10,-2.26,9.52
-0.08,-2.25,9.23
-0.07,-2.27,8.94
-0.09,-2.25,8.66
-0.08,-2.25,8.44
-0.07,-2.24,8.23
-0.07,-2.24,8.02
-0.06,-2.23,7.82
-0.06,-2.23,7.62
-0.06,-2.20,7.43
-0.06,-2.18,7.25
-0.08,-2.19,7.07
-0.08,-2.21,6.89
-0.08,-2.23,6.72
-0.07,-2.23,6.55
-0.06,-2.21,6.39
-0.05,-2.20,6.19
-0.03,-2.20,6.00
-0.02,-2.18,5.81
-0.03,-2.21,5.62
-0.04,-2.21,5.44
-0.06,-2.23,5.27
-0.06,-2.22,5.12
-0.06,-2.22,4.99
-0.06,-2.23,4.86
-0.05,-2.23,4.73
-0.05,-2.24,4.60
-0.05,-2.24,4.48
-0.06,-2.21,4.33
-0.05,-2.21,4.18
-0.04,-2.21,4.04
-0.07,-2.21,3.90
-0.07,-2.21,3.76
-0.05,-2.23,3.63
-0.05,-2.23,3.49
-0.04,-2.25,3.36
-0.02,-2.26,3.23
-0.05,-2.25,3.10
-0.04,-2.25,2.98
-0.04,-2.25,2.86
-0.02,-2.24,2.75
-0.04,-2.22,2.64
-0.04,-2.22,2.53
-0.03,-2.23,2.43
-0.03,-2.23,2.33
-0.04,-2.22,2.23
-0.04,-2.24,2.14
-0.04,-2.23,2.04
-0.02,-2.23,1.95
-0.05,-2.23,1.87
-0.02,-2.23,1.78
-0.01,-2.20,1.70
-0.04,-2.21,1.62
-0.03,-2.21,1.54
-0.04,-2.21,1.47
-0.06,-2.21,1.39
-0.06,-2.19,1.32
-0.05,-2.20,1.25
-0.04,-2.23,1.17
-0.03,-2.26,1.10
-0.06,-2.25,1.02
-0.07,-2.25,0.95
-0.06,-2.23,0.88
-0.04,-2.25,0.81
-0.03,-2.25,0.78
-0.03,-2.28,0.74
-0.03,-2.27,0.71
-0.05,-2.24,0.68
-0.07,-2.22,0.64
-0.06,-2.24,0.61
-0.04,-2.26,0.52
-0.03,-2.24,0.43
-0.04,-2.24,0.35
-0.03,-2.23,0.27
-0.05,-2.21,0.19
-0.06,-2.21,0.12
-0.05,-2.19,0.10
-0.03,-2.22,0.09
-0.02,-2.21,0.09
-0.02,-2.22,0.08
-0.02,-2.19,0.07
-0.05,-2.19,0.06
-0.05,-2.19,0.06
-0.05,-2.22,0.06
-0.07,-2.22,0.06
-0.05,-2.22,0.06
-0.05,-2.22,0.07
-0.05,-2.22,0.07
-0.05,-2.23,0.01
-0.05,-2.23,-0.04
-0.04,-2.25,-0.09
-0.04,-2.25,-0.14
-0.04,-2.25,-0.19
-0.01,-2.25,-0.24
-0.01,-2.25,-0.25
-0.02,-2.24,-0.26
-0.01,-2.24,-0.27
-0.02,-2.26,-0.28
-0.01,-2.26,-0.29
-0.01,-2.26,-0.30
-0.03,-2.27,-0.34
-0.02,-2.27,-0.39
-0.03,-2.26,-0.43
-0.02,-2.24,-0.48
-0.02,-2.26,-0.52
-0.02,-2.25,-0.56
-0.04,-2.28,-0.57
-0.04,-2.27,-0.57
-0.02,-2.29,-0.58
-0.02,-2.28,-0.59
-0.03,-2.25,-0.59
-0.03,-2.25,-0.60
-0.02,-2.24,-0.60
0.00,-2.22,-0.62
-0.00,-2.21,-0.87
-0.07,-2.15,-1.12
-0.07,-2.16,-1.33
-0.10,-2.22,-1.51
-0.15,-2.19,-1.69
-0.17,-2.17,-1.84
-0.19,-2.15,-1.96
-0.17,-2.16,-2.12
-0.13,-2.14,-2.34
-0.14,-2.17,-2.62
-0.22,-2.15,-3.12
-0.36,-2.00,-3.87
-0.52,-1.90,-4.96
-0.66,-1.84,-6.31
-0.63,-1.80,-7.58
-0.42,-1.92,-8.55
-0.02,-2.08,-9.51
0.28,-2.14,-10.54
0.14,-2.25,-11.61
0.07,-2.37,-12.57
0.18,-2.43,-13.40
0.21,-2.40,-14.18
0.42,-2.45,-14.66
0.46,-2.41,-15.24
0.37,-2.38,-15.91
0.16,-2.27,-16.63
0.08,-2.14,-17.38
0.04,-1.95,-18.10
-0.14,-1.53,-19.04
-0.19,-1.27,-20.08
-0.13,-1.24,-21.16
-0.09,-1.48,-22.13
-0.13,-1.70,-23.10
-0.15,-1.77,-24.14
-0.21,-1.80,-25.70
-0.13,-2.13,-27.01
0.03,-2.73,-28.13
-0.05,-3.17,-29.17
-0.24,-3.47,-30.38
-0.62,-3.31,-32.11
-0.58,-3.27,-34.02
-0.32,-3.18,-35.83
0.29,-3.06,-37.54
0.95,-3.01,-39.10
0.94,-2.62,-40.90
0.95,-1.77,-42.72
1.08,-1.73,-42.79
1.30,-2.02,-42.53
1.18,-1.82,-42.32
1.04,-1.65,-42.19
0.84,-1.53,-42.21
0.97,-1.60,-42.48
0.93,-2.04,-42.73
0.86,-1.99,-42.71
0.98,-3.19,-42.19
0.75,-3.37,-41.66
0.64,-3.89,-41.34
0.77,-3.81,-41.23
0.71,-3.60,-42.43
0.47,-3.66,-43.99
0.21,-3.27,-45.73
-0.11,-3.25,-46.97
0.21,-4.22,-48.19
0.54,-3.77,-49.27
0.56,-3.76,-50.13
0.54,-3.37,-51.03
0.54,-3.25,-51.83
0.55,-3.12,-52.48
0.71,-3.08,-53.06
0.75,-3.13,-53.39
0.91,-3.05,-53.35
0.37,-3.59,-53.29
0.49,-3.46,-53.41
0.46,-3.34,-53.70
0.42,-3.24,-54.33
0.30,-2.91,-55.15
-0.05,-2.52,-55.83
0.07,-2.66,-56.36
0.21,-2.79,-56.89
0.42,-2.80,-57.34
0.67,-2.86,-57.78
0.80,-2.81,-58.25
0.90,-2.77,-58.47
1.08,-2.74,-58.74
0.77,-2.45,-58.99
0.94,-2.36,-59.06
0.98,-2.27,-58.92
1.00,-2.31,-58.48
0.78,-2.23,-57.85
0.61,-2.11,-57.23
0.58,-2.09,-56.56
1.16,-2.48,-55.61
1.19,-2.53,-54.51
1.33,-2.68,-53.23
1.30,-2.73,-51.99
0.97,-2.48,-50.88
0.74,-2.39,-49.85
0.65,-2.47,-48.69
0.58,-2.69,-47.56
0.47,-2.53,-46.49
0.44,-2.51,-45.43
0.40,-2.51,-44.34
0.38,-2.49,-43.24
0.30,-2.41,-42.14
0.32,-2.38,-41.03
0.31,-2.37,-39.91
0.29,-2.35,-38.70
0.28,-2.34,-37.49
0.26,-2.33,-36.28
0.23,-2.32,-35.06
0.24,-2.31,-33.81
0.24,-2.33,-32.55
0.24,-2.32,-31.27
0.21,-2.31,-29.99
0.22,-2.30,-28.70
0.22,-2.26,-27.42
0.24,-2.24,-26.11
0.24,-2.24,-24.78
0.24,-2.24,-23.44
0.24,-2.24,-22.10
0.23,-2.22,-20.76
0.22,-2.19,-19.40
0.21,-2.22,-18.01
0.22,-2.22,-16.63
0.19,-2.22,-15.24
0.19,-2.21,-13.85
0.16,-2.21,-12.46
0.19,-2.24,-11.07
0.19,-2.24,-9.68
0.20,-2.24,-8.28
0.20,-2.24,-6.88
0.20,-2.24,-5.50
0.19,-2.22,-4.11
0.19,-2.25,-2.73
0.18,-2.26,-1.36
0.18,-2.23,0.01
0.20,-2.22,1.37
0.22,-2.22,2.74
0.21,-2.24,4.09
0.19,-2.24,5.44
0.20,-2.24,6.79
0.17,-2.23,8.12
0.16,-2.23,9.44
0.19,-2.23,10.74
0.21,-2.23,12.02
0.18,-2.23,13.30
0.18,-2.22,14.57
0.19,-2.22,15.82
0.17,-2.22,17.05
0.18,-2.21,18.27
0.19,-2.19,19.48
0.19,-2.17,20.68
0.19,-2.20,21.85
0.19,-2.20,23.00
0.20,-2.20,24.17
0.21,-2.21,25.33
0.20,-2.22,26.48
0.20,-2.22,27.61
0.23,-2.25,28.72
0.22,-2.27,29.82
0.23,-2.27,30.86
0.25,-2.27,31.89
0.27,-2.26,32.91
0.27,-2.25,33.91
0.26,-2.26,34.89
0.25,-2.26,35.85
0.23,-2.26,36.83
0.23,-2.25,37.79
0.23,-2.25,38.74
0.22,-2.22,39.67
0.22,-2.22,40.58
0.21,-2.22,41.47
0.21,-2.23,42.34
0.19,-2.22,43.19
0.19,-2.23,44.03
0.19,-2.21,44.85
0.19,-2.18,45.66
0.22,-2.19,46.45
0.22,-2.17,47.18
0.22,-2.18,47.90
0.21,-2.19,48.61
0.23,-2.19,49.30
0.25,-2.19,49.98
0.24,-2.21,50.66
0.32,-2.19,51.34
0.17,-2.26,52.00
0.13,-2.25,52.63
0.14,-2.27,53.25
0.16,-2.29,53.85
0.16,-2.28,54.44
0.15,-2.25,55.03
0.17,-2.25,55.61
0.18,-2.25,56.19
0.20,-2.25,56.76
0.23,-2.25,57.32
0.21,-2.26,57.86
0.21,-2.25,58.38
0.19,-2.25,58.88
0.20,-2.25,59.37
0.18,-2.25,59.85
0.17,-2.24,60.32
0.19,-2.24,60.77
0.19,-2.23,61.22
0.19,-2.21,61.65
0.20,-2.21,62.08
0.20,-2.22,62.50
0.21,-2.22,62.91
0.24,-2.21,63.30
0.26,-2.21,63.70
0.26,-2.19,64.10
0.26,-2.17,64.49
0.28,-2.18,64.86
0.26,-2.19,65.24
0.27,-2.20,65.60
0.27,-2.17,65.92
0.26,-2.18,66.24
0.26,-2.20,66.55
0.25,-2.21,66.84
0.26,-2.21,67.14
0.25,-2.21,67.42
0.25,-2.21,67.74
0.25,-2.19,68.06
0.25,-2.17,68.37
0.24,-2.17,68.67
0.26,-2.20,68.96
0.25,-2.19,69.25
0.25,-2.20,69.52
0.24,-2.17,69.79
0.23,-2.17,70.06
0.26,-2.18,70.31
0.26,-2.18,70.57
0.25,-2.19,70.81
0.25,-2.18,71.02
0.25,-2.18,71.22
0.25,-2.19,71.43
0.22,-2.20,71.63
0.22,-2.20,71.82
0.22,-2.20,72.00
0.21,-2.17,72.18
0.25,-2.06,72.35
0.22,-2.03,72.52
0.15,-2.07,72.70
0.10,-2.13,72.87
0.13,-2.23,73.03
0.18,-2.30,73.15
0.20,-2.29,73.26
0.20,-2.27,73.38
0.18,-2.15,73.49
0.17,-2.13,73.61
0.18,-2.19,73.72
0.20,-2.22,73.83
0.21,-2.20,73.94
0.21,-2.18,74.04
0.16,-2.16,74.15
0.17,-2.15,74.25
0.17,-2.16,74.34
0.20,-2.16,74.43
0.20,-2.19,74.51
0.20,-2.20,74.60
0.17,-2.18,74.67
0.20,-2.17,74.75
0.20,-2.18,74.82
0.18,-2.19,74.91
0.16,-2.20,75.00
0.16,-2.18,75.09
0.15,-2.19,75.18
0.16,-2.19,75.27
0.16,-2.20,75.36
0.16,-2.20,75.46
0.16,-2.20,75.56
0.17,-2.21,75.66
0.19,-2.23,75.75
0.20,-2.21,75.84
0.21,-2.19,75.93
0.20,-2.19,76.02
0.20,-2.20,76.11
0.20,-2.20,76.19
0.17,-2.21,76.26
0.14,-2.21,76.33
0.17,-2.21,76.40
0.16,-2.23,76.47
0.17,-2.23,76.53
0.18,-2.24,76.60
0.20,-2.26,76.66
0.19,-2.24,76.73
0.20,-2.26,76.79
0.21,-2.24,76.86
0.20,-2.22,76.93
0.20,-2.19,76.99
0.22,-2.17,77.04
0.23,-2.16,77.09
0.23,-2.17,77.14
0.20,-2.15,77.19
0.19,-2.16,77.24
0.19,-2.18,77.30
0.22,-2.18,77.34
0.21,-2.18,77.39
0.18,-2.17,77.44
0.18,-2.17,77.50
0.18,-2.15,77.55
0.19,-2.19,77.60
0.19,-2.19,77.65
0.18,-2.19,77.70
0.19,-2.20,77.75
0.20,-2.20,77.77
0.19,-2.19,77.79
0.17,-2.17,77.81
0.17,-2.18,77.83
0.18,-2.18,77.85
0.19,-2.21,77.87
0.20,-2.21,77.90
0.21,-2.23,77.92
0.21,-2.24,77.95
0.21,-2.22,77.97
0.24,-2.22,78.00
0.22,-2.20,78.02
0.21,-2.18,78.05
0.21,-2.17,78.08
0.21,-2.15,78.11
0.18,-2.16,78.13
0.18,-2.17,78.16
0.18,-2.18,78.19
0.17,-2.17,78.19
0.18,-2.18,78.20
0.18,-2.19,78.21
0.17,-2.19,78.22
0.17,-2.19,78.22
0.19,-2.22,78.23
0.22,-2.20,78.25
0.23,-2.18,78.27
0.23,-2.16,78.28
0.23,-2.22,78.30
0.23,-2.22,78.32
0.23,-2.22,78.34
0.23,-2.20,78.37
0.21,-2.20,78.40
0.21,-2.18,78.44
0.20,-2.19,78.47
0.17,-2.19,78.50
0.16,-2.20,78.53
0.16,-2.18,78.54
0.15,-2.18,78.56
0.15,-2.19,78.57
0.15,-2.20,78.57
0.16,-2.16,78.56
0.18,-2.19,78.57
0.21,-2.21,78.59
0.20,-2.24,78.61
0.20,-2.23,78.62
0.19,-2.26,78.63
0.21,-2.27,78.65
0.23,-2.24,78.67
0.25,-2.22,78.74
0.25,-2.20,78.80
0.24,-2.21,78.87
0.24,-2.19,78.96
0.28,-2.17,79.06
0.25,-2.12,79.18
0.24,-2.09,79.25
0.25,-2.10,79.31
0.24,-2.08,79.35
0.24,-2.09,79.39
0.21,-2.09,79.45
0.21,-2.09,79.50
0.24,-2.10,79.57
0.26,-2.14,79.64
0.20,-2.19,79.73
0.17,-2.10,79.84
0.07,-2.05,79.94
-0.04,-2.07,79.99
-0.08,-2.04,80.01
-0.13,-2.09,80.03
-0.27,-2.19,80.07
-0.29,-2.29,80.15
-0.24,-2.26,80.23
-0.20,-2.26,80.29
-0.32,-2.23,80.32
-0.36,-2.22,80.34
-0.44,-2.22,80.39
-0.41,-2.16,80.47
-0.31,-2.15,80.54
-0.16,-2.14,80.61
-0.10,-2.15,80.79
0.04,-2.17,80.96
0.17,-2.20,81.11
0.29,-2.21,81.27
0.37,-2.24,81.45
0.41,-2.22,81.64
0.40,-2.24,81.93
0.49,-2.27,82.19
0.67,-2.32,82.44
0.86,-2.33,82.70
1.02,-2.34,82.98
1.16,-2.37,83.24
1.34,-2.40,83.60
1.53,-2.43,83.96
1.63,-2.48,84.29
1.50,-2.51,84.62
1.20,-2.48,84.94
1.22,-2.49,85.18
1.35,-2.55,85.35
1.67,-2.58,85.48
1.96,-2.62,85.56
2.26,-2.59,85.64
2.61,-2.54,85.73
2.95,-2.53,85.84
3.36,-2.51,86.01
3.68,-2.49,86.19
3.85,-2.44,86.42
3.81,-2.40,86.70
3.71,-2.38,86.99
3.81,-2.40,87.23
3.97,-2.43,87.47
4.18,-2.49,87.68
4.46,-2.51,87.90
4.84,-2.54,88.11
5.09,-2.58,88.32
5.34,-2.60,88.53
5.64,-2.62,88.76
5.97,-2.65,88.99
6.29,-2.68,89.20
6.67,-2.70,89.39
6.96,-2.73,89.58
7.35,-2.74,89.76
7.65,-2.73,89.94
7.99,-2.72,90.13
8.31,-2.70,90.31
8.67,-2.71,90.50
8.99,-2.71,90.71
9.33,-2.76,90.90
9.57,-2.80,91.05
9.70,-2.83,91.18
9.94,-2.84,91.28
10.21,-2.86,91.39
10.42,-2.88,91.50
10.71,-2.92,91.60
10.91,-2.94,91.70
11.13,-2.96,91.79
11.35,-2.98,91.88
11.47,-2.98,91.96
11.62,-2.97,92.03
11.63,-2.97,92.10
11.63,-2.97,92.17
11.54,-2.99,92.25
11.36,-2.99,92.37
10.96,-3.03,92.50
10.70,-3.07,92.62
10.32,-3.16,92.77
10.09,-3.23,92.92
9.93,-3.32,93.07
9.81,-3.45,93.21
9.85,-3.54,93.36
9.67,-3.65,93.51
9.70,-3.72,93.65
9.69,-3.78,93.78
9.83,-3.82,93.87
10.00,-3.85,93.95
10.13,-3.87,94.03
10.27,-3.89,94.09
10.41,-3.91,94.13
10.50,-3.91,94.18
10.37,-3.94,94.23
10.21,-3.97,94.28
9.98,-4.00,94.35
9.71,-3.94,94.44
9.66,-3.88,94.50
9.26,-3.87,94.57
8.88,-3.89,94.67
8.65,-3.94,94.76
8.45,-3.99,94.85
8.07,-4.03,94.96
7.72,-4.10,95.08
7.33,-4.15,95.20
6.93,-4.22,95.31
6.46,-4.26,95.40
5.97,-4.30,95.49
5.42,-4.33,95.57
4.85,-4.37,95.64
4.28,-4.39,95.73
3.70,-4.45,95.82
2.92,-4.52,95.96
2.18,-4.61,96.10
1.51,-4.76,96.28
1.04,-4.96,96.46
0.52,-5.03,96.63
-0.17,-5.21,96.86
-1.02,-5.35,97.11
-1.30,-5.71,97.36
-1.38,-5.76,97.46
-1.29,-5.84,97.52
-1.37,-5.84,97.60
-1.50,-5.85,97.67
-1.60,-5.85,97.72
-1.63,-5.88,97.77
-1.66,-5.90,97.80
-1.85,-5.91,97.85
-2.16,-5.90,97.90
-2.55,-5.88,97.96
-2.88,-5.87,98.01
-3.12,-5.85,98.06
-3.35,-5.84,98.12
-3.64,-5.83,98.17
-3.92,-5.82,98.23
-4.16,-5.81,98.29
-4.34,-5.81,98.33
-4.48,-5.82,98.38
-4.70,-5.82,98.43
-5.01,-5.81,98.49
-5.39,-5.80,98.54
-5.90,-5.77,98.59
-6.47,-5.75,98.64
-7.07,-5.73,98.70
-7.68,-5.70,98.77
-8.28,-5.74,98.84
-8.82,-5.86,98.96
-9.23,-5.99,99.07
-9.35,-6.02,99.11
-9.35,-6.04,99.15
-9.29,-6.06,99.19
-9.24,-6.10,99.24
-9.23,-6.16,99.31
-9.20,-6.21,99.37
-9.06,-6.25,99.41
-8.82,-6.30,99.46
-8.56,-6.36,99.52
-8.26,-6.45,99.58
-7.95,-6.53,99.65
-7.63,-6.58,99.68
-7.16,-6.69,99.74
-6.43,-6.91,99.85
-5.55,-7.15,99.97
-4.67,-7.33,100.05
-3.73,-7.43,100.09
-2.62,-7.59,100.16
-1.25,-7.84,100.26
0.31,-8.10,100.36
2.04,-8.46,100.49
3.85,-8.78,100.57
5.65,-9.13,100.69
7.31,-9.34,100.75
9.02,-9.70,100.84
10.47,-10.10,100.98
11.69,-10.45,101.10
12.96,-10.62,101.13
14.18,-10.72,101.14
15.52,-10.71,101.09
16.87,-10.73,101.03
18.33,-10.65,100.97
19.72,-10.51,100.91
21.02,-10.20,100.86
22.13,-10.02,100.82
23.37,-9.93,100.77
24.64,-9.70,100.71
25.78,-9.50,100.70
27.12,-9.36,100.70
28.82,-9.15,100.63
30.69,-8.84,100.47
32.53,-8.48,100.30
34.33,-8.02,100.15
35.69,-7.35,100.03
36.86,-6.82,99.91
38.22,-6.41,99.73
39.25,-5.97,99.55
39.70,-5.60,99.47
39.75,-5.20,99.42
39.68,-4.98,99.40
39.71,-4.80,99.38
39.52,-4.51,99.36
39.70,-4.28,99.14
38.48,-3.92,98.95
37.22,-3.78,98.70
34.92,-3.68,98.59
31.91,-3.56,98.49
28.46,-3.13,98.20
25.65,-2.72,97.75
23.23,-2.59,97.66
21.01,-3.98,97.73
19.99,-3.77,97.59
18.45,-3.16,97.33
16.94,-2.71,96.82
15.68,-2.19,96.37
16.62,-2.34,96.05
18.26,-2.21,95.62
20.11,-1.92,95.07
22.62,-1.55,94.32
24.62,-1.48,93.81
25.74,-1.76,93.30
26.42,-2.09,92.91
27.04,-2.41,92.45
27.22,-2.57,92.05
26.93,-2.73,91.81
26.57,-2.83,91.68
26.27,-2.35,92.56
25.16,-1.78,93.53
24.91,-1.37,94.41
24.44,-0.87,95.31
24.54,-0.51,96.18
25.35,-0.36,97.02
25.57,-0.32,98.57
25.37,-0.41,100.19
25.07,-0.53,101.73
24.42,-0.91,103.15
23.34,-1.54,104.46
22.23,-1.52,106.12
21.36,-1.58,107.89
19.56,-1.81,109.64
17.84,-2.18,111.44
14.39,-2.17,113.28
10.54,-1.94,115.15
7.03,-1.67,117.05
2.95,-1.29,118.94
-1.93,-0.83,120.69
-7.52,-0.51,122.13
-12.99,-0.23,123.52
-17.79,-0.01,124.88
-22.02,0.29,126.21
-25.67,-0.13,127.52
-27.50,3.57,128.56
-24.65,2.94,130.05
-23.34,2.57,131.53
-23.12,2.36,133.07
-23.77,2.66,134.78
-23.16,2.47,136.06
-22.23,1.97,136.90
-20.82,1.74,137.80
-19.56,1.48,138.86
-19.99,1.51,140.16
-21.59,1.90,141.75
-22.10,1.97,143.41
-22.53,2.08,144.98
-23.06,1.94,146.29
-22.72,1.66,147.55
-21.35,1.14,148.67
-18.98,0.73,149.52
-14.11,0.22,150.61
-9.76,-0.20,151.64
-4.70,-0.61,152.61
1.03,-0.98,153.55
7.39,-1.45,154.46
13.81,-1.99,155.50
12.78,-1.52,154.27
12.19,-1.62,152.95
10.86,-1.63,151.72
9.83,-1.67,150.51
8.56,-1.73,149.07
11.21,-1.80,147.51
13.65,-1.47,145.81
16.61,-1.16,144.54
19.38,-1.37,143.28
20.70,-1.70,142.26
21.49,-2.10,141.43
21.25,-2.17,140.49
20.68,-2.31,139.47
18.62,-2.36,138.62
15.81,-2.39,137.88
11.09,-2.36,136.92
4.25,-2.22,136.06
-2.55,-2.22,135.20
-6.93,-2.74,136.96
-9.02,-2.04,138.42
-9.15,-2.13,140.31
-6.76,-3.29,142.10
-7.61,-2.99,143.91
-8.21,-2.72,145.62
-8.31,-2.55,146.96
-8.69,-2.39,148.29
-8.47,-2.72,149.17
-6.84,-3.09,149.73
-4.54,-3.22,150.31
-1.86,-3.55,150.96
2.57,-3.84,149.99
2.26,-3.68,149.22
2.82,-3.46,148.72
2.64,-3.02,148.37
4.46,-2.99,147.68
6.12,-2.78,147.32
8.53,-2.79,146.85
9.68,-2.60,146.19
10.29,-2.31,145.33
10.50,-2.52,144.55
9.00,-2.60,143.80
7.10,-2.75,143.02
3.26,-2.69,142.10
-2.36,-2.51,141.38
-3.46,-3.70,141.44
-3.81,-3.52,140.70
-4.13,-3.17,139.90
-3.94,-2.99,139.14
-3.94,-2.68,140.52
-4.55,-2.43,142.09
-5.91,-1.98,143.72
-6.83,-1.61,145.32
-6.87,-1.68,146.84
-7.54,-1.69,148.18
-7.81,-1.52,147.63
-8.21,-1.38,147.05
-8.29,-1.37,146.40
-8.37,-1.36,145.65
-8.12,-1.19,144.87
-7.84,-1.38,144.19
-7.07,-1.46,143.38
-5.91,-2.18,142.62
-3.86,-2.57,141.72
-0.86,-2.57,140.71
1.68,-2.47,139.71
3.54,-2.38,138.79
4.91,-2.25,137.84
5.86,-2.12,136.94
6.27,-1.96,136.13
6.30,-1.72,135.33
6.04,-1.33,134.59
5.98,-1.26,133.86
5.78,-1.21,133.05
5.82,-1.18,132.27
6.19,-1.21,131.50
6.45,-1.45,130.65
7.22,-1.57,129.83
8.25,-1.81,129.05
9.71,-2.11,128.30
11.38,-2.32,127.55
13.00,-2.37,126.82
14.35,-2.37,126.10
15.88,-2.43,125.39
17.77,-2.48,124.70
19.36,-2.45,124.02
20.20,-2.39,123.39
20.67,-2.32,122.80
20.27,-2.18,122.24
19.17,-2.01,121.75
17.67,-1.71,121.30
15.94,-1.43,120.90
14.40,-1.26,120.52
13.09,-1.48,120.07
12.21,-1.51,119.67
11.68,-1.78,119.20
11.84,-2.15,118.68
13.10,-2.99,117.97
16.01,-3.79,117.32
20.81,-3.67,116.73
24.84,-3.98,116.22
28.18,-4.31,115.42
30.77,-4.45,114.71
31.18,-3.70,114.13
29.44,-2.32,113.67
27.11,-1.28,113.16
24.33,-1.07,112.73
20.86,-0.70,112.39
16.17,0.39,112.34
12.87,1.44,112.15
12.64,1.10,111.59
13.14,0.35,110.95
14.78,-0.37,110.35
16.44,-1.07,109.71
18.62,-1.33,109.25
19.87,-1.32,108.87
19.76,-1.24,108.56
18.87,-1.19,108.31
17.64,-1.05,108.13
16.16,-0.32,108.16
14.74,0.47,108.23
14.51,0.73,108.09
15.89,0.10,107.65
18.81,-1.39,106.87
21.35,-1.47,106.43
21.99,-2.04,106.00
22.18,-2.04,105.69
21.03,-1.80,105.49
18.89,-1.36,105.31
16.91,-0.33,105.25
15.52,0.09,105.16
15.06,0.01,104.91
14.78,-0.29,104.55
14.89,-0.64,104.21
15.56,-0.84,103.89
16.56,-1.22,103.54
17.86,-1.94,103.16
18.81,-2.20,102.95
19.62,-2.03,102.88
20.13,-1.93,102.94
20.47,-2.00,102.99
20.70,-2.12,103.06
20.80,-2.05,103.19
21.08,-2.28,103.29
22.09,-2.94,103.33
24.21,-3.83,103.43
26.77,-4.68,103.85
30.29,-5.72,104.37
33.77,-6.68,105.07
36.20,-6.31,105.81
39.54,-6.85,106.52
36.69,-6.41,106.67
33.81,-5.40,106.67
30.37,-4.67,106.60
27.75,-4.49,106.61
25.18,-4.24,106.65
22.83,-3.96,106.82
21.04,-4.07,106.79
18.54,-3.32,106.69
16.61,-2.98,106.52
14.91,-2.76,106.30
13.55,-2.62,106.14
12.41,-2.51,106.08
11.13,-2.30,105.86
9.73,-2.06,105.56
8.68,-2.02,105.27
7.71,-1.93,105.00
6.84,-1.95,104.73
6.47,-2.16,104.58
6.37,-2.01,104.30
5.54,-2.17,103.96
4.89,-2.04,103.59
4.49,-1.94,103.28
4.06,-2.12,103.12
3.63,-2.15,102.87
2.98,-1.70,102.57
2.81,-1.78,102.24
2.68,-1.69,101.84
2.78,-1.63,101.41
3.15,-1.52,101.08
4.70,-1.65,101.02
6.09,-1.52,100.84
7.63,-1.11,100.65
9.34,-0.66,100.21
9.01,-0.26,99.99
9.49,-0.40,99.70
8.56,-0.47,99.41
6.33,-0.88,100.60
4.73,-0.86,101.71
2.58,-1.20,102.89
0.73,-1.55,104.18
-0.99,-1.85,105.46
-3.02,-2.17,106.63
-4.99,-2.47,107.50
-6.14,-2.61,108.40
-7.37,-2.75,109.28
-8.43,-2.89,110.15
-8.60,-2.87,111.21
-8.28,-2.67,112.37
-7.75,-2.48,113.34
-7.41,-2.34,114.36
-7.15,-2.17,115.37
-6.54,-2.16,116.49
-6.26,-2.10,117.68
-6.10,-2.13,118.90
-6.49,-2.19,120.09
-7.13,-2.40,121.29
-7.88,-2.55,122.44
-8.90,-2.73,123.35
-9.96,-3.11,124.25
-10.09,-3.18,125.26
-10.02,-3.09,126.19
-9.69,-3.01,127.12
-9.25,-3.06,128.09
-8.97,-2.91,129.11
-8.51,-2.88,130.16
-8.08,-2.88,131.24
-7.68,-2.93,132.36
-7.35,-2.91,133.51
-7.14,-2.77,134.69
-6.76,-2.68,135.89
-6.39,-2.65,137.11
-6.03,-2.62,138.33
-5.75,-2.57,139.54
-5.57,-2.50,140.76
-5.44,-2.73,142.13
-5.45,-3.02,143.48
-5.54,-3.34,144.85
-5.45,-3.40,146.08
-5.68,-2.88,147.32
-5.23,-2.68,148.57
-4.71,-2.56,149.82
-4.27,-2.38,151.06
-3.74,-2.25,152.33
-3.00,-2.04,153.72
-3.60,-1.63,154.53
-5.16,-1.35,155.23
-7.13,-0.95,155.89
-8.88,-0.44,156.46
-9.39,-0.33,157.15
-9.47,-0.33,157.92
-9.12,-0.41,158.84
-8.53,-0.39,159.76
-7.55,-0.47,160.74
-6.10,-0.69,161.80
-4.12,-1.27,162.99
-1.73,-1.74,164.16
0.52,-1.98,163.15
2.08,-2.15,162.16
3.08,-2.19,161.17
3.67,-2.19,160.18
3.87,-2.13,159.19
3.94,-2.11,158.18
3.80,-2.05,156.98
3.55,-2.02,155.80
3.40,-1.93,154.63
3.39,-1.83,153.44
3.21,-2.03,152.34
3.66,-2.14,151.31
4.65,-2.39,150.39
5.85,-2.72,149.52
7.16,-2.99,148.68
8.93,-3.37,147.88
11.00,-3.81,147.21
13.79,-4.46,146.59
16.31,-5.01,145.97
18.01,-5.55,145.43
18.09,-5.57,144.29
16.44,-5.00,143.37
14.81,-4.55,142.46
13.55,-4.23,141.55
12.22,-3.90,140.70
11.12,-3.64,139.92
10.01,-3.55,139.17
9.35,-3.14,138.54
9.17,-2.91,137.97
9.14,-2.67,137.57
9.11,-2.60,137.11
9.31,-2.67,136.94
9.00,-2.62,136.95
7.93,-2.36,137.03
6.77,-2.09,137.41
5.25,-1.72,138.28
2.65,-1.93,140.19
-0.70,-2.32,141.78
1.46,-1.96,142.65
0.91,-2.03,143.48
1.15,-2.65,144.20
0.96,-2.10,145.46
0.78,-1.76,146.59
0.80,-1.68,147.63
1.39,-1.55,148.75
1.31,-1.80,150.61
1.62,-2.06,152.92
1.55,-2.47,154.87
1.36,-2.63,156.62
1.43,-2.63,158.27
0.97,-2.19,159.07
0.58,-1.59,159.53
0.77,-1.38,159.60
0.39,-1.21,159.28
0.11,-1.10,159.06
-0.00,-1.00,158.89
0.02,-0.92,158.69
0.27,-0.97,158.56
0.22,-0.84,158.52
0.56,-0.84,159.17
1.21,-0.90,160.58
1.01,-0.94,161.49
0.36,-0.82,162.27
-0.04,-0.82,162.86
0.10,-0.80,164.48
1.02,-1.18,166.90
0.11,-0.90,169.91
0.07,-0.65,172.49
-0.05,-0.45,174.83
-0.19,-0.51,177.09
-0.26,-0.58,179.49
-0.43,-0.67,-178.11
-0.61,-0.80,-176.10
-1.00,-0.83,-174.24
-1.42,-0.87,-172.64
-1.42,-0.80,-171.38
-1.01,-0.58,-171.15
-0.51,-0.46,-170.40
-0.05,-1.31,-168.72
0.10,-1.21,-167.29
-0.34,-0.84,-166.60
-0.47,-0.70,-166.07
-0.19,-0.87,-165.36
-0.04,-0.91,-164.53
-0.34,-0.87,-164.21
-0.51,-0.89,-163.97
-0.54,-0.94,-163.62
-0.42,-0.99,-163.12
-0.24,-1.02,-162.51
0.02,-1.07,-161.69
0.08,-1.06,-160.93
0.10,-1.06,-160.12
0.15,-1.05,-159.25
0.14,-1.05,-158.37
0.16,-1.06,-157.49
0.13,-1.03,-156.61
0.10,-1.06,-155.81
0.10,-1.06,-155.00
0.09,-1.05,-154.16
0.07,-1.05,-153.30
0.05,-1.06,-152.39
0.07,-1.10,-151.42
0.05,-1.08,-150.35
0.11,-1.12,-149.25
0.06,-1.11,-148.11
0.09,-1.12,-146.93
0.08,-1.08,-145.66
0.14,-1.12,-144.29
0.22,-1.13,-142.85
0.14,-1.11,-141.52
-0.13,-1.01,-140.38
-0.27,-0.97,-139.27
-0.30,-0.99,-138.14
-0.31,-0.99,-137.00
-0.31,-0.97,-135.76
-0.30,-1.00,-134.51
-0.29,-1.01,-133.37
-0.31,-0.90,-132.34
-0.35,-0.91,-131.52
-0.76,-0.86,-131.11
-0.91,-0.78,-130.84
-0.89,-0.80,-130.56
-0.80,-0.84,-130.18
-0.60,-0.92,-129.63
-0.39,-0.96,-128.91
-0.28,-0.99,-128.00
-0.18,-1.02,-126.98
-0.15,-1.02,-125.91
-0.16,-1.02,-124.80
-0.11,-1.04,-123.62
-0.06,-1.04,-122.41
-0.04,-1.06,-121.21
-0.05,-1.07,-120.07
-0.08,-1.06,-118.93
-0.05,-1.06,-117.78
-0.08,-1.06,-116.63
-0.05,-1.08,-115.40
-0.05,-1.09,-114.12
-0.05,-1.08,-112.81
-0.05,-1.05,-111.49
-0.06,-1.04,-110.17
-0.08,-1.02,-108.90
-0.10,-1.02,-107.66
-0.08,-1.04,-106.42
-0.03,-1.03,-105.13
-0.01,-1.03,-103.85
0.01,-1.03,-102.56
0.01,-1.03,-101.26
-0.01,-1.05,-99.94
-0.02