0.00,-0.00,-0.00
0.00,0.00,0.00
0.00,0.00,0.00
0.02,0.00,0.01
0.05,-0.03,0.01
0.08,-0.04,0.01
0.09,-0.03,-0.29
0.11,-0.06,-0.58
0.11,-0.07,-0.87
0.12,-0.06,-1.14
0.14,-0.08,-1.42
0.12,-0.10,-1.68
0.14,-0.11,-1.93
0.13,-0.10,-2.18
0.12,-0.10,-2.42
0.11,-0.10,-2.65
0.10,-0.12,-2.88
0.12,-0.13,-3.10
0.10,-0.14,-3.32
0.09,-0.15,-3.53
0.10,-0.17,-3.74
0.11,-0.17,-3.94
0.12,-0.13,-4.14
0.11,-0.10,-4.33
0.09,-0.11,-4.52
0.11,-0.12,-4.71
0.11,-0.13,-4.89
0.12,-0.14,-5.07
0.12,-0.13,-5.25
0.10,-0.14,-5.42
0.10,-0.15,-5.58
0.11,-0.16,-5.74
0.12,-0.17,-5.90
0.14,-0.16,-6.02
0.13,-0.14,-6.20
0.09,-0.15,-6.35
0.06,-0.16,-6.49
0.03,-0.16,-6.62
0.02,-0.17,-6.75
0.02,-0.18,-6.88
0.04,-0.17,-7.01
0.06,-0.16,-7.13
0.05,-0.14,-7.27
0.05,-0.16,-7.40
0.04,-0.14,-7.53
0.04,-0.15,-7.67
0.07,-0.14,-7.79
0.06,-0.12,-7.92
0.04,-0.14,-8.02
0.06,-0.13,-8.12
0.06,-0.11,-8.22
0.08,-0.13,-8.32
0.08,-0.14,-8.41
0.09,-0.14,-8.50
0.11,-0.15,-8.61
0.13,-0.16,-8.71
0.11,-0.17,-8.80
0.12,-0.17,-8.90
0.10,-0.18,-8.99
0.09,-0.19,-9.08
0.08,-0.19,-9.17
0.07,-0.17,-9.26
0.09,-0.17,-9.34
0.10,-0.18,-9.42
0.10,-0.18,-9.50
0.09,-0.20,-9.57
0.11,-0.18,-9.64
0.11,-0.18,-9.72
0.13,-0.19,-9.79
0.14,-0.19,-9.86
0.12,-0.20,-9.92
0.11,-0.22,-9.98
0.12,-0.21,-10.03
0.13,-0.19,-10.09
0.14,-0.21,-10.14
0.15,-0.23,-10.19
0.15,-0.23,-10.24
0.13,-0.23,-10.29
0.11,-0.23,-10.34
0.13,-0.26,-10.39
0.15,-0.25,-10.44
0.16,-0.23,-10.49
0.15,-0.23,-10.54
0.16,-0.20,-10.58
0.18,-0.18,-10.63
0.18,-0.17,-10.67
0.15,-0.17,-10.72
0.15,-0.18,-10.76
0.16,-0.18,-10.81
0.17,-0.16,-10.85
0.17,-0.17,-10.87
0.16,-0.15,-10.90
0.16,-0.14,-10.93
0.16,-0.13,-10.95
0.17,-0.11,-10.98
0.15,-0.12,-11.00
0.16,-0.13,-11.04
0.17,-0.12,-11.07
0.18,-0.10,-11.10
0.17,-0.12,-11.13
0.16,-0.13,-11.15
0.16,-0.14,-11.18
0.15,-0.15,-11.22
0.16,-0.15,-11.25
0.14,-0.15,-11.28
0.12,-0.15,-11.31
0.13,-0.16,-11.34
0.12,-0.14,-11.36
0.14,-0.15,-11.40
0.15,-0.15,-11.42
0.16,-0.17,-11.45
0.17,-0.16,-11.48
0.18,-0.15,-11.50
0.16,-0.16,-11.52
0.15,-0.18,-11.54
0.14,-0.16,-11.56
0.15,-0.18,-11.58
0.13,-0.18,-11.59
0.12,-0.19,-11.61
0.12,-0.22,-11.62
0.11,-0.22,-11.64
0.10,-0.22,-11.66
0.08,-0.22,-11.67
0.07,-0.21,-11.68
0.06,-0.20,-11.69
0.10,-0.17,-11.71
0.09,-0.16,-11.73
0.11,-0.17,-11.76
0.08,-0.17,-11.78
0.06,-0.18,-11.81
0.08,-0.18,-11.83
0.10,-0.16,-11.85
0.11,-0.17,-11.82
0.15,-0.13,-11.98
-0.12,-0.19,-12.08
-0.03,-0.19,-12.17
-0.07,-0.19,-12.24
-0.12,-0.19,-12.30
-0.15,-0.17,-12.37
-0.18,-0.16,-12.43
-0.18,-0.16,-12.45
-0.14,-0.17,-12.47
-0.12,-0.18,-12.48
-0.11,-0.19,-12.50
-0.07,-0.18,-12.56
-0.06,-0.18,-12.61
-0.05,-0.19,-12.66
-0.04,-0.19,-12.72
-0.04,-0.20,-12.77
-0.02,-0.18,-12.82
0.00,-0.15,-12.86
0.00,-0.16,-12.90
0.03,-0.17,-12.94
0.05,-0.17,-12.97
0.05,-0.18,-13.01
0.07,-0.16,-13.04
0.09,-0.17,-13.06
0.11,-0.18,-13.09
0.12,-0.19,-13.09
0.37,-0.10,-13.18
0.28,-0.11,-13.27
0.23,-0.10,-13.36
0.05,-0.14,-13.36
0.05,-0.15,-13.35
0.03,-0.16,-13.34
0.06,-0.17,-13.36
0.07,-0.18,-13.38
0.07,-0.16,-13.37
0.08,-0.17,-13.41
0.11,-0.13,-13.50
0.10,-0.09,-13.64
0.10,-0.06,-13.79
0.11,-0.03,-13.92
0.12,-0.03,-14.03
0.09,-0.05,-14.15
0.08,-0.04,-14.28
0.09,-0.07,-14.40
0.13,-0.04,-14.55
0.13,-0.06,-14.68
0.09,-0.08,-14.83
0.09,-0.08,-15.04
0.06,-0.07,-15.25
0.08,0.00,-15.45
-0.00,-0.09,-15.62
0.03,-0.06,-15.80
0.04,-0.09,-15.97
0.05,-0.10,-16.18
0.07,-0.07,-16.41
0.12,-0.06,-16.64
0.11,-0.03,-16.84
0.05,-0.07,-17.04
0.04,-0.03,-17.24
0.01,-0.03,-17.49
-0.04,-0.03,-17.85
0.01,0.07,-18.29
0.40,0.16,-19.04
0.42,0.27,-20.06
0.38,0.28,-21.15
0.15,0.16,-22.17
-0.07,0.03,-23.02
-0.12,0.00,-23.83
-0.18,-0.03,-24.62
-0.24,-0.01,-25.48
-0.05,0.19,-26.58
-0.05,0.22,-28.13
-0.28,-0.00,-29.51
-0.45,-0.10,-30.74
-0.57,-0.13,-31.90
-0.74,-0.22,-32.98
-0.77,-0.28,-33.97
-0.88,-0.38,-34.83
-1.03,-0.51,-35.40
-1.04,-0.58,-35.83
-1.04,-0.57,-36.15
-0.98,-0.57,-36.44
-0.92,-0.52,-36.74
-0.81,-0.44,-37.49
-0.69,-0.35,-38.51
-0.51,-0.15,-39.96
-0.38,-0.04,-41.56
-0.52,-0.09,-43.08
-0.64,-0.18,-44.52
-0.81,-0.24,-45.75
-0.91,-0.34,-46.80
-0.88,-0.25,-47.85
-0.75,-0.09,-49.06
-0.71,-0.02,-50.53
-0.67,0.13,-52.06
-0.71,0.01,-53.74
-0.99,-0.27,-55.16
-0.89,-0.30,-56.71
-0.83,-0.37,-58.08
-0.99,-0.52,-59.37
-1.00,-0.47,-60.68
-1.11,-0.53,-61.93
-1.13,-0.57,-62.95
-1.07,-0.61,-63.74
-1.10,-0.59,-64.26
-0.92,-0.42,-64.59
-0.88,-0.37,-64.75
-0.75,-0.27,-65.14
-0.67,-0.24,-65.48
-0.72,-0.26,-65.75
-0.68,-0.23,-66.00
-0.61,-0.21,-66.25
-0.53,-0.16,-66.52
-0.49,-0.12,-66.76
-0.44,-0.06,-66.96
-0.46,-0.05,-67.03
-0.49,-0.07,-66.82
-0.54,-0.04,-66.39
-0.52,-0.03,-65.90
-0.45,-0.02,-65.34
-0.30,0.08,-64.82
-0.20,0.16,-64.35
-0.05,0.12,-63.91
0.07,0.10,-63.47
0.09,0.14,-62.85
0.18,0.05,-62.25
0.24,-0.03,-61.80
0.19,-0.10,-61.38
0.24,-0.14,-60.93
0.24,-0.22,-60.38
0.25,-0.23,-59.75
0.23,-0.30,-58.81
0.24,-0.32,-57.95
0.44,-0.22,-57.21
0.39,-0.20,-56.46
0.37,-0.16,-55.77
0.39,-0.14,-55.01
0.16,-0.31,-53.63
0.33,-0.21,-52.55
0.43,-0.14,-51.59
0.48,-0.04,-50.76
0.45,-0.03,-49.94
0.51,-0.01,-49.18
0.75,0.13,-48.31
0.63,0.04,-47.24
0.49,-0.09,-45.89
0.48,-0.16,-44.67
0.53,-0.22,-44.17
1.08,0.19,-44.09
0.92,0.10,-43.62
0.83,0.11,-42.78
0.54,-0.11,-41.44
0.48,-0.13,-40.08
0.40,-0.24,-38.73
0.43,-0.20,-37.67
0.45,-0.14,-36.87
0.60,-0.01,-36.95
0.54,-0.01,-37.04
0.30,-0.08,-37.04
0.17,-0.12,-36.94
0.06,-0.22,-36.95
0.23,-0.17,-37.02
0.27,-0.20,-37.09
0.01,-0.20,-37.05
-0.08,-0.18,-37.30
0.35,-0.32,-38.03
0.92,-0.69,-39.77
1.46,-0.55,-41.95
1.36,-0.40,-44.20
1.05,-0.44,-46.52
0.87,-0.47,-48.89
0.96,-0.41,-51.45
0.92,-0.92,-54.05
0.76,-1.22,-57.23
0.38,-1.18,-59.96
-0.28,-0.99,-62.08
-0.80,-0.83,-63.54
-1.29,-0.61,-64.48
-1.49,-0.60,-65.24
-1.58,-0.51,-65.93
-1.60,-0.58,-66.52
-1.56,-0.57,-67.09
-1.47,-0.53,-67.67
-1.32,-0.51,-68.15
-2.13,-0.38,-68.24
-2.70,-0.55,-68.71
-4.17,-0.99,-68.91
-6.06,-1.72,-69.03
-3.47,-1.41,-71.39
-1.46,-0.99,-76.74
-1.62,-1.48,-83.04
-3.95,-2.00,-88.82
-4.15,-2.45,-94.80
-2.37,-1.75,-100.01
-0.90,-1.15,-102.05
0.28,0.34,-102.54
0.21,1.78,-101.81
1.10,2.03,-100.52
1.91,2.27,-99.31
2.25,1.94,-98.35
2.32,2.45,-97.64
1.87,2.88,-96.83
1.49,2.76,-95.69
1.19,2.38,-94.54
1.08,1.21,-93.43
0.89,0.93,-92.31
0.82,0.93,-91.38
1.04,1.10,-90.60
1.48,1.37,-90.04
1.79,1.50,-89.82
1.60,1.09,-88.88
1.45,1.28,-88.00
-0.26,1.28,-87.50
-3.18,0.90,-87.17
-5.61,1.02,-87.57
-8.19,1.85,-89.17
-11.67,1.60,-90.92
-15.08,1.48,-93.07
-18.77,2.36,-95.25
-20.83,4.52,-97.14
-22.84,7.05,-98.29
-23.35,7.85,-98.51
-21.80,10.37,-98.31
-19.22,13.65,-98.64
-15.72,16.50,-99.27
-13.07,20.02,-100.81
-12.49,23.11,-103.49
-12.83,24.70,-105.99
-12.55,25.63,-108.39
-13.26,26.54,-110.90
-12.35,27.03,-113.03
-11.49,27.68,-115.18
-11.87,27.08,-116.17
-12.20,26.87,-115.07
-11.33,27.09,-112.20
-10.20,29.03,-109.79
-8.26,30.27,-108.34
-6.18,31.58,-106.76
-4.60,31.05,-104.78
-3.43,29.85,-102.94
-3.16,28.30,-101.56
-3.28,26.58,-100.22
-3.77,24.76,-99.07
-4.75,23.62,-97.99
-5.58,22.09,-96.68
-5.65,20.79,-95.43
-5.11,20.42,-93.66
-4.23,20.66,-91.23
-3.03,21.41,-88.69
-1.85,22.27,-86.48
-0.92,22.90,-84.57
-0.72,23.00,-83.14
-0.46,22.99,-82.53
-0.69,23.02,-82.54
-0.79,23.70,-82.16
-1.07,24.38,-81.66
-1.18,24.58,-81.25
-1.41,24.94,-80.53
-1.58,25.30,-79.68
-1.44,25.71,-78.86
-1.07,26.30,-77.88
-1.38,27.10,-76.55
-2.98,27.82,-74.58
-4.14,28.26,-72.35
-2.84,26.64,-69.47
-2.56,25.44,-67.63
-1.87,24.10,-66.13
-2.12,25.34,-65.39
-2.17,25.95,-64.38
-2.88,26.94,-63.52
-4.96,26.75,-62.47
-6.92,25.60,-61.32
-7.26,24.10,-60.83
-7.60,21.89,-60.46
-8.61,20.32,-59.65
-9.88,19.24,-58.99
-10.38,17.13,-58.13
-10.92,15.12,-56.76
-12.10,12.90,-55.34
-12.48,11.31,-53.88
-12.62,9.50,-52.56
-12.49,7.85,-52.80
-12.83,5.93,-52.78
-13.14,4.84,-52.70
-13.17,4.54,-52.83
-13.17,4.53,-53.54
-12.20,3.57,-54.36
-12.33,2.54,-54.99
-12.01,1.83,-55.77
-12.00,1.18,-56.67
-12.19,0.61,-57.77
-12.51,-0.17,-58.92
-12.71,-1.14,-59.99
-12.70,-1.81,-60.94
-12.58,-2.37,-61.98
-12.34,-2.05,-63.28
-12.33,-2.16,-64.46
-12.24,-2.34,-65.39
-12.08,-2.41,-66.31
-11.80,-2.35,-67.47
-11.51,-1.86,-68.45
-10.98,-1.19,-69.51
-10.74,-0.66,-70.57
-10.63,-0.33,-71.28
-10.40,0.17,-71.70
-9.82,1.01,-71.75
-9.06,2.18,-71.74
-8.10,3.25,-71.93
-7.32,4.98,-71.92
-6.58,6.70,-71.82
-5.74,9.00,-71.55
-4.76,11.41,-70.00
-3.85,13.91,-68.48
-2.92,16.46,-67.24
-2.04,19.61,-66.29
-1.54,23.06,-65.54
-0.79,27.80,-64.88
0.28,32.94,-63.85
1.36,37.30,-62.73
2.04,40.42,-61.88
2.83,42.95,-60.92
3.44,45.34,-60.09
3.52,47.72,-59.61
3.64,49.49,-59.22
3.87,50.71,-58.68
3.98,51.45,-58.28
3.98,51.99,-58.08
3.92,52.32,-57.97
3.94,52.51,-57.79
3.74,52.57,-57.52
3.54,52.50,-57.20
3.39,52.12,-56.84
3.41,51.65,-56.30
3.11,50.95,-55.96
2.81,49.96,-55.63
2.49,48.69,-55.64
1.99,46.94,-55.85
1.40,44.62,-56.19
0.85,41.56,-56.39
0.39,38.50,-56.40
-0.17,35.15,-56.19
-0.87,31.78,-57.32
-1.19,27.72,-58.53
-1.43,23.88,-59.41
-2.03,21.11,-60.12
-2.30,19.25,-60.89
-2.38,18.57,-61.65
-2.60,17.60,-61.95
-2.69,15.79,-62.23
-2.68,15.02,-62.48
-2.70,14.51,-62.71
-2.60,14.23,-62.90
-2.64,13.83,-63.09
-2.76,13.66,-64.30
-2.81,13.49,-65.48
-2.86,13.28,-66.64
-2.90,13.10,-67.83
-2.94,12.91,-68.98
-2.88,12.86,-70.14
-2.91,12.86,-70.46
-2.92,12.77,-70.73
-3.01,12.68,-71.00
-2.90,12.92,-71.25
-2.84,13.18,-71.49
-2.88,13.31,-71.74
-2.88,13.30,-71.57
-2.84,13.32,-71.40
-2.82,13.28,-71.21
-2.85,13.26,-71.05
-2.85,13.35,-70.97
-2.81,13.54,-70.89
-2.78,13.86,-71.02
-2.65,14.34,-71.16
-2.45,15.32,-71.33
-2.09,16.61,-71.44
-1.70,18.45,-71.47
-1.42,20.59,-71.57
-1.26,22.62,-72.35
-1.00,24.55,-73.11
-0.46,26.90,-73.60
0.16,29.35,-74.01
0.79,31.80,-74.48
1.16,34.24,-75.07
1.61,36.23,-73.84
2.10,37.80,-72.58
2.41,38.81,-71.46
2.52,39.35,-70.53
2.48,39.71,-69.71
2.43,39.82,-68.91
2.41,39.88,-68.27
2.44,39.90,-67.56
2.38,39.90,-66.90
2.36,39.89,-66.23
2.35,39.90,-65.55
2.35,39.77,-64.84
2.34,39.55,-64.23
2.37,39.22,-63.61
2.36,38.69,-63.01
2.12,37.86,-62.50
1.84,36.73,-61.95
1.46,35.39,-61.41
1.08,34.22,-60.80
0.78,33.16,-60.17
0.47,32.36,-59.54
0.29,31.61,-58.84
0.08,30.73,-58.04
-0.25,29.75,-57.30
-0.32,29.20,-57.84
-0.46,28.50,-58.43
-0.67,27.69,-59.15
-0.79,26.76,-59.92
-1.07,25.73,-60.89
-1.03,23.66,-62.26
-1.72,22.12,-63.56
-2.41,21.22,-64.68
-2.79,20.80,-65.17
-2.92,20.48,-65.43
-3.01,20.32,-65.66
-3.04,20.25,-65.84
-3.03,20.00,-65.66
-3.00,20.06,-65.47
-2.84,20.32,-65.29
-2.72,20.47,-65.13
-2.69,20.69,-65.03
-2.60,20.88,-64.95
-2.46,21.16,-64.85
-2.30,21.52,-64.76
-2.14,21.81,-64.68
-2.04,22.05,-64.62
-1.94,22.21,-64.58
-1.89,22.33,-64.56
-1.84,22.42,-64.07
-1.82,22.49,-63.61
-1.84,22.49,-63.17
-1.83,22.48,-62.71
-1.88,22.49,-62.27
-1.95,22.51,-61.80
-2.00,22.81,-61.56
-1.90,23.50,-61.31
-1.72,24.16,-61.06
-1.44,25.27,-60.93
-1.05,26.91,-60.95
-0.61,29.02,-61.07
-0.00,31.31,-60.53
0.29,33.27,-59.96
0.65,34.81,-59.26
0.78,36.10,-58.59
0.86,37.05,-57.91
0.79,37.89,-57.28
0.82,38.49,-56.70
0.82,39.03,-56.17
0.85,39.34,-55.64
0.83,39.79,-55.18
0.79,40.21,-54.81
0.77,40.64,-54.42
0.76,41.00,-53.85
0.69,41.37,-53.33
0.60,41.70,-52.79
0.53,41.95,-52.25
0.45,42.18,-51.74
0.46,42.25,-51.20
0.52,41.99,-50.79
0.59,41.22,-50.44
0.66,39.91,-50.15
0.48,37.61,-49.93
0.30,34.80,-49.62
-0.26,31.83,-49.45
-0.80,29.02,-50.47
-1.60,26.46,-51.84
-1.97,24.51,-52.88
-2.17,23.52,-53.65
-2.34,23.36,-54.32
-2.40,23.57,-54.94
-2.42,24.14,-54.69
-2.42,24.90,-54.38
-2.37,25.95,-54.11
-2.18,27.31,-53.89
-1.89,28.96,-53.60
-1.75,30.73,-53.37
-1.44,32.67,-53.49
-0.76,35.07,-53.36
0.15,37.70,-52.74
1.18,40.05,-51.74
2.70,40.78,-50.66
4.03,41.31,-49.66
5.22,41.63,-47.44
6.96,41.80,-44.52
8.63,41.53,-41.40
10.46,41.25,-37.96
12.13,41.25,-35.04
13.14,40.25,-33.25
13.50,40.19,-31.74
13.61,40.28,-30.71
13.98,40.86,-29.66
14.89,41.82,-28.27
15.76,43.13,-26.93
17.04,44.91,-25.35
18.00,46.31,-24.32
19.86,48.20,-22.64
20.79,49.74,-21.70
21.30,51.05,-21.10
21.64,52.23,-20.58
22.06,53.52,-19.96
22.36,54.52,-19.43
22.66,55.65,-18.92
22.73,56.74,-18.61
23.03,57.86,-18.05
23.50,59.10,-17.35
24.20,60.30,-16.44
24.50,61.34,-15.83
24.96,62.29,-15.11
25.20,62.80,-14.59
25.62,63.36,-13.94
25.87,63.90,-13.47
26.33,64.33,-12.83
26.23,64.74,-12.80
25.83,64.78,-13.06
25.30,64.63,-13.48
24.03,63.82,-14.87
22.23,62.14,-17.01
18.28,58.79,-20.82
14.95,55.01,-24.20
12.75,51.14,-26.69
11.54,45.94,-27.79
10.00,43.66,-28.96
8.98,42.01,-29.57
8.83,41.41,-29.52
8.93,42.31,-29.13
9.46,44.53,-28.50
10.43,48.20,-27.85
12.40,53.28,-26.40
13.96,56.67,-24.98
15.35,59.53,-23.51
16.42,61.96,-21.97
16.97,63.83,-20.95
17.29,65.06,-20.12
17.14,65.85,-19.83
16.94,66.10,-19.66
16.71,65.96,-19.63
16.42,65.90,-19.84
16.06,65.78,-20.12
15.62,65.53,-20.50
15.16,65.15,-20.82
14.62,64.85,-21.21
14.21,64.35,-21.47
13.61,63.67,-22.05
12.98,62.64,-22.72
11.86,60.74,-24.03
9.58,57.04,-26.12
8.16,53.97,-27.54
6.95,50.43,-28.67
6.47,48.14,-28.93
5.94,46.26,-29.28
5.31,44.36,-29.72
4.82,42.80,-29.98
4.33,41.74,-30.13
3.78,40.52,-30.27
3.24,39.88,-31.66
2.96,39.93,-32.90
2.83,41.26,-33.79
2.91,43.32,-34.34
3.26,46.30,-34.94
3.72,49.16,-35.73
4.68,52.65,-34.86
5.47,55.53,-34.15
6.18,57.85,-33.47
6.47,59.06,-33.11
7.13,59.58,-32.43
7.52,59.47,-32.00
7.53,58.89,-31.96
7.45,57.82,-32.00
7.29,57.06,-31.90
7.02,57.41,-31.80
7.69,55.18,-31.12
7.37,55.21,-31.23
6.32,54.01,-32.35
6.36,52.65,-32.70
5.50,51.85,-33.55
5.04,51.84,-33.83
4.64,51.95,-33.90
4.45,52.79,-33.67
4.23,54.32,-33.96
4.66,56.89,-33.50
5.33,60.28,-32.67
4.84,62.79,-32.92
4.18,64.04,-33.65
4.23,64.85,-33.70
4.28,66.04,-33.12
4.50,67.54,-32.39
5.24,69.47,-30.97
5.87,70.74,-29.83
6.20,71.72,-29.41
7.39,72.45,-28.30
9.17,73.21,-26.55
10.05,73.96,-25.64
9.70,74.25,-25.54
10.93,74.77,-24.05
12.43,76.08,-22.15
13.30,77.36,-20.85
12.98,78.14,-20.89
12.42,78.33,-21.39
11.02,77.91,-22.98
9.80,77.12,-24.50
8.42,75.87,-26.43
6.80,73.89,-28.93
6.36,71.42,-30.46
6.36,68.69,-31.33
4.45,64.28,-33.56
0.97,60.19,-37.18
-0.18,55.79,-38.48
-0.43,53.12,-38.77
-0.27,51.46,-39.35
-0.62,50.44,-40.58
-1.54,49.05,-42.44
-2.41,48.01,-44.25
-2.93,47.07,-45.77
-3.06,46.24,-47.10
-3.08,45.74,-48.15
-2.79,45.57,-48.81
-2.31,46.87,-49.05
-1.72,49.42,-48.85
-0.49,52.23,-47.98
0.45,56.02,-47.32
1.63,60.72,-45.61
4.12,66.49,-42.68
6.77,71.47,-39.42
9.30,75.66,-36.53
12.74,79.41,-33.11
18.85,82.73,-27.14
35.80,85.37,-10.41
68.19,86.65,21.91
91.69,86.78,45.47
124.39,85.92,78.10
135.00,85.07,88.80
144.54,83.76,98.43
151.34,82.22,105.35
155.04,81.05,109.20
157.23,80.20,111.57
159.02,79.20,113.54
160.63,78.34,115.23
161.36,77.87,116.08
161.41,77.34,116.30
161.99,76.80,117.01
162.38,76.39,117.51
162.44,76.15,117.69
162.38,76.07,117.73
162.41,76.13,117.77
162.37,76.28,117.55
162.09,76.48,117.03
161.45,76.70,116.16
161.01,77.09,115.42
160.54,77.92,114.47
158.47,79.16,111.89
155.13,80.85,107.88
150.16,82.93,102.13
131.43,85.76,82.43
71.42,86.92,21.51
30.65,84.36,-19.95
17.97,80.82,-33.16
11.48,76.28,-40.11
8.07,71.47,-43.92
5.14,65.68,-46.93
2.70,57.84,-49.55
0.90,51.25,-51.99
0.42,45.55,-53.99
-0.31,41.89,-55.81
-0.98,38.40,-56.98
-1.20,33.57,-57.81
-1.32,28.12,-59.42
-1.47,24.23,-61.97
-2.12,22.80,-64.11
-2.77,22.32,-65.41
-3.17,22.12,-66.48
-3.23,21.64,-67.41
-3.15,21.23,-68.38
-3.00,20.72,-69.47
-2.78,20.20,-70.63
-2.58,19.84,-70.45
-2.22,19.59,-70.23
-1.94,19.48,-70.11
-1.75,19.40,-70.07
-1.53,19.16,-70.25
-1.27,18.63,-70.50
-0.76,18.84,-70.83
-0.49,18.70,-71.15
-0.36,18.43,-71.52
0.23,18.20,-71.71
0.67,17.95,-71.94
1.39,17.76,-72.10
2.49,17.47,-71.68
3.17,17.29,-71.34
4.00,17.29,-70.84
4.99,17.14,-70.31
5.77,16.71,-69.84
6.56,16.42,-69.35
6.98,16.13,-67.98
7.38,15.81,-66.60
7.63,15.43,-65.28
7.88,14.92,-63.99
8.00,14.58,-62.83
8.04,13.84,-61.83
8.06,13.90,-62.24
8.03,13.99,-62.35
7.68,13.96,-62.44
7.09,13.77,-62.63
6.52,13.57,-62.74
5.90,13.44,-62.70
5.26,13.20,-63.74
4.26,13.48,-64.66
3.09,13.30,-65.55
2.21,12.89,-66.42
1.58,12.45,-67.27
1.27,11.90,-68.12
1.26,11.22,-68.50
1.41,10.62,-68.94
1.87,9.38,-69.89
2.16,8.19,-70.87
2.12,7.04,-71.96
2.34,5.72,-73.04
2.65,4.15,-74.86
2.87,1.94,-76.88
0.55,-1.25,-79.56
-0.91,-2.96,-82.28
0.80,-3.01,-84.02
0.52,-1.75,-86.32
0.69,-1.27,-88.56
-0.22,1.15,-90.44
-0.64,3.09,-91.67
-0.56,1.27,-92.83
-0.08,-2.15,-93.96
1.31,-6.86,-94.91
3.64,-13.36,-94.99
6.42,-19.07,-95.62
8.93,-22.33,-96.69
9.88,-23.55,-97.30
9.41,-23.94,-97.15
11.75,-27.51,-96.09
13.39,-30.36,-98.35
15.11,-32.93,-101.42
14.21,-33.07,-102.79
13.64,-32.28,-103.87
13.50,-32.23,-105.19
13.68,-32.36,-106.57
14.10,-32.85,-107.88
14.39,-33.83,-109.01
15.01,-35.17,-110.33
15.74,-37.17,-111.88
15.98,-38.42,-113.37
16.04,-39.39,-114.77
15.66,-39.89,-115.73
15.47,-40.02,-116.69
15.25,-39.78,-117.55
15.16,-39.58,-118.48
14.78,-38.95,-119.15
13.86,-38.23,-119.45
12.67,-37.26,-119.38
11.08,-35.58,-118.82
9.93,-34.23,-118.48
8.77,-32.64,-118.13
8.02,-30.07,-118.12
7.08,-27.72,-118.08
6.79,-25.03,-117.79
6.68,-22.94,-117.80
6.32,-21.31,-117.83
6.06,-19.64,-118.02
5.52,-17.94,-118.23
4.64,-15.66,-118.40
3.97,-13.71,-118.85
2.79,-11.13,-118.95
1.26,-6.93,-119.02
0.15,-4.08,-119.42
-0.63,-1.39,-119.87
-1.17,0.64,-120.30
-1.55,2.57,-119.53
-1.74,3.58,-119.28
-1.58,4.00,-119.15
-0.90,3.87,-118.92
-0.01,4.11,-118.89
0.95,4.78,-119.07
1.88,6.70,-120.66
2.59,8.78,-122.44
3.36,10.29,-123.41
4.36,11.19,-123.89
6.66,10.91,-124.35
8.44,11.35,-125.01
10.36,11.35,-125.35
12.59,10.61,-126.19
14.91,9.47,-127.63
17.18,8.05,-129.24
19.50,6.98,-130.60
21.87,5.85,-131.99
24.04,4.51,-134.75
26.07,3.19,-137.37
27.48,1.85,-139.77
28.58,0.98,-141.85
29.18,0.36,-143.73
29.76,-0.13,-145.71
30.42,-0.53,-147.69
31.06,-0.80,-149.57
31.63,-1.02,-151.40
31.98,-0.96,-153.03
32.24,-1.04,-154.48
32.39,-0.90,-155.75
32.48,-0.77,-156.95
32.58,-0.85,-158.13
32.79,-1.00,-159.34
32.96,-1.19,-160.58
33.01,-1.52,-161.80
32.97,-1.78,-162.97
32.83,-2.10,-164.09
32.67,-2.32,-165.19
32.43,-2.56,-166.29
31.80,-2.69,-167.35
30.78,-2.70,-168.33
28.82,-2.72,-169.07
26.26,-2.41,-169.55
23.24,-2.51,-170.03
19.99,-2.39,-170.60
16.60,-1.70,-171.43
12.98,-1.09,-172.15
9.66,-0.99,-173.06
6.32,-1.61,-172.20
2.72,-3.00,-171.05
-0.39,-4.30,-169.61
-3.56,-5.79,-168.06
-6.25,-6.76,-166.50
-8.45,-6.83,-165.07
-10.55,-6.96,-163.87
-12.36,-7.29,-162.93
-14.32,-7.33,-161.99
-16.11,-7.30,-161.13
-17.99,-6.81,-160.38
-19.60,-5.94,-159.79
-21.41,-5.27,-158.97
-23.55,-4.62,-158.25
-25.69,-4.26,-157.56
-27.83,-3.60,-156.83
-29.76,-3.36,-156.14
-32.14,-3.41,-155.49
-33.96,-3.25,-154.17
-35.30,-2.97,-152.81
-36.60,-2.82,-151.44
-37.83,-2.78,-150.02
-39.01,-2.84,-148.60
-40.07,-3.48,-147.18
-41.14,-3.87,-145.82
-42.07,-4.51,-144.48
-42.84,-4.93,-143.15
-43.79,-4.96,-141.94
-44.85,-4.89,-140.77
-46.19,-4.79,-139.61
-47.63,-4.67,-138.50
-48.98,-4.25,-137.43
-50.17,-3.75,-136.30
-51.15,-3.48,-135.20
-51.77,-3.43,-134.11
-52.39,-3.20,-133.09
-52.82,-3.36,-132.06
-53.00,-3.57,-131.04
-53.14,-3.76,-130.08
-53.02,-4.08,-129.20
-52.99,-4.14,-128.31
-53.09,-3.92,-127.40
-53.10,-3.74,-126.55
-53.13,-3.65,-125.70
-53.19,-3.56,-124.84
-53.22,-3.52,-123.98
-53.19,-3.45,-123.19
-53.11,-3.36,-122.43
-53.12,-3.25,-121.62
-53.15,-3.20,-120.83
-53.21,-3.14,-120.02
-53.22,-3.07,-119.19
-53.17,-3.05,-118.39
-53.12,-3.05,-117.62
-53.01,-2.94,-116.85
-52.99,-2.90,-116.11
-52.94,-2.83,-115.39
-52.89,-2.82,-114.70
-52.83,-2.99,-114.02
-52.82,-3.11,-113.31
-52.74,-3.07,-112.60
-52.71,-3.02,-111.90
-52.67,-3.04,-111.21
-52.61,-3.15,-110.54
-52.58,-3.11,-109.84
-52.52,-3.14,-109.17
-52.42,-3.13,-108.55
-52.32,-3.22,-107.94
-52.30,-3.41,-107.31
-52.30,-3.49,-106.69
-52.24,-3.57,-106.09
-52.24,-3.64,-105.52
-52.33,-3.63,-104.91
-52.35,-3.68,-104.30
-52.37,-3.70,-103.67
-52.37,-3.76,-103.00
-52.27,-3.79,-102.32
-52.19,-3.92,-101.62
-52.17,-4.23,-100.82
-52.07,-4.26,-99.96
-51.97,-4.29,-99.13
-51.99,-4.44,-98.28
-52.13,-4.75,-97.32
-52.30,-5.19,-96.35
-52.24,-5.50,-95.46
-52.13,-5.89,-94.60
-52.07,-6.51,-93.71
-52.19,-7.15,-92.88
-52.49,-7.85,-92.06
-52.66,-8.36,-91.33
-52.75,-8.59,-90.94
-52.88,-8.92,-90.65
-53.13,-9.11,-90.43
-53.36,-9.39,-90.25
-53.57,-9.52,-90.04
-53.81,-9.70,-89.79
-54.15,-10.02,-89.44
-54.49,-10.20,-89.15
-54.82,-10.39,-88.86
-55.22,-10.54,-88.58
-55.66,-10.73,-88.29
-56.03,-10.84,-88.10
-56.52,-10.90,-87.83
-56.92,-10.76,-87.64
-57.46,-10.81,-87.49
-57.98,-10.73,-87.34
-58.33,-10.50,-87.18
-58.65,-10.21,-87.03
-59.00,-10.04,-86.78
-59.29,-9.86,-86.55
-59.55,-9.77,-86.43
-59.65,-9.72,-86.40
-60.03,-9.57,-86.32
-60.41,-9.37,-86.22
-60.84,-9.24,-86.00
-61.24,-9.05,-85.81
-61.64,-8.78,-85.65
-62.29,-8.65,-85.49
-62.85,-8.41,-85.33
-63.35,-8.13,-85.22
-64.07,-7.77,-85.06
-64.81,-7.32,-84.88
-65.56,-6.95,-84.67
-66.41,-6.85,-84.37
-66.89,-6.80,-83.98
-67.42,-6.89,-83.51
-67.89,-6.96,-82.99
-68.10,-6.91,-82.53
-68.28,-6.80,-82.08
-68.50,-6.79,-81.68
-68.85,-6.80,-81.26
-69.13,-6.93,-80.88
-69.32,-7.02,-80.50
-69.44,-7.04,-80.17
-69.45,-7.20,-79.88
-69.44,-7.45,-79.71
-69.44,-7.69,-79.56
-69.44,-7.80,-79.37
-69.48,-7.96,-79.23
-69.59,-8.14,-79.17
-69.80,-8.34,-79.14
-69.93,-8.47,-79.10
-70.02,-8.63,-79.03
-70.20,-8.87,-78.99
-70.26,-9.06,-78.97
-70.15,-9.08,-78.96
-70.11,-9.29,-78.92
-70.08,-9.74,-78.82
-69.86,-10.17,-78.72
-69.53,-10.51,-78.69
-69.26,-10.62,-78.78
-69.11,-10.56,-78.93
-68.99,-10.35,-79.11
-68.86,-10.00,-79.32
-68.45,-9.57,-79.62
-67.41,-9.25,-80.11
-65.59,-8.86,-81.01
-62.90,-8.46,-81.97
-60.87,-8.33,-82.55
-59.14,-8.30,-82.84
-57.57,-8.44,-82.90
-55.68,-8.30,-83.03
-53.50,-7.96,-83.41
-51.70,-7.89,-83.69
-50.30,-8.19,-83.91
-48.85,-8.44,-84.12
-47.63,-8.69,-84.38
-46.66,-9.14,-84.61
-46.37,-9.54,-84.82
-45.44,-9.91,-85.03
-44.14,-9.58,-85.23
-42.74,-9.48,-85.34
-41.58,-9.69,-85.32
-40.30,-10.04,-85.21
-38.59,-10.32,-85.44
-36.54,-10.39,-85.86
-34.56,-10.38,-86.38
-32.66,-10.46,-86.85
-30.59,-10.56,-87.37
-28.21,-10.57,-88.09
-25.65,-10.42,-88.91
-23.15,-10.67,-89.63
-20.66,-11.01,-90.33
-18.21,-11.19,-91.07
-15.65,-11.24,-91.86
-13.11,-11.37,-92.62
-10.35,-11.52,-93.81
-7.46,-11.39,-95.04
-4.65,-11.12,-96.24
-1.77,-10.93,-97.46
1.15,-10.83,-98.65
4.05,-10.67,-99.74
6.84,-10.57,-101.09
9.62,-10.49,-102.51
12.48,-10.39,-103.95
15.06,-10.27,-105.29
17.34,-10.32,-106.49
19.38,-10.37,-107.62
21.27,-10.39,-108.86
23.32,-10.55,-110.11
25.38,-10.73,-111.42
27.68,-10.87,-112.80
30.34,-10.93,-114.26
33.01,-10.86,-115.65
35.52,-10.89,-117.00
38.03,-10.87,-118.36
40.44,-10.99,-119.74
42.91,-11.22,-121.15
45.17,-11.35,-122.54
47.33,-11.49,-123.92
49.30,-11.52,-125.35
51.17,-11.60,-126.75
53.04,-11.61,-128.14
54.91,-11.48,-129.55
56.67,-11.30,-130.96
58.38,-11.19,-132.36
59.88,-10.94,-133.61
61.34,-10.84,-134.88
62.58,-10.74,-136.18
63.45,-10.61,-137.43
64.02,-10.57,-138.63
64.47,-10.56,-139.86
64.79,-10.58,-141.14
65.08,-10.53,-142.44
65.32,-10.52,-143.72
65.44,-10.52,-144.98
65.50,-10.55,-146.23
65.42,-10.57,-147.46
65.31,-10.60,-148.64
65.31,-10.62,-149.82
65.32,-10.65,-151.00
65.14,-10.64,-152.08
65.09,-10.55,-153.12
65.19,-10.49,-154.14
65.46,-10.46,-155.18
65.67,-10.34,-156.21
65.75,-10.14,-157.15
65.86,-9.92,-158.06
65.94,-9.67,-158.92
65.96,-9.33,-159.68
66.13,-8.97,-160.43
66.41,-8.59,-161.24
66.50,-8.03,-161.84
66.50,-7.29,-162.25
66.63,-6.31,-162.64
66.81,-5.18,-163.10
67.33,-4.56,-163.88
67.54,-4.08,-164.50
67.64,-3.63,-165.23
67.82,-3.03,-166.05
68.15,-2.44,-166.91
68.40,-1.97,-167.97
68.72,-1.79,-169.15
69.12,-1.79,-170.45
69.37,-1.90,-171.74
69.59,-1.95,-173.05
69.82,-2.12,-174.33
69.95,-2.27,-175.56
70.09,-2.48,-176.72
70.31,-2.65,-177.84
70.60,-2.72,-178.90
70.83,-2.74,-179.98
71.13,-2.77,178.88
71.44,-2.79,177.69
71.88,-2.79,176.42
72.31,-2.74,175.20
72.65,-2.56,174.08
73.13,-2.39,173.06
73.79,-2.36,172.13
74.54,-2.28,171.27
75.20,-2.10,170.28
75.92,-1.94,169.35
76.69,-1.88,168.45
77.20,-1.86,167.63
77.55,-1.77,166.81
77.82,-1.71,166.01
78.02,-1.72,165.34
77.98,-1.75,164.70
77.79,-1.69,164.05
77.57,-1.56,163.40
77.24,-1.55,162.75
76.82,-1.58,162.08
76.30,-1.60,161.58
75.70,-1.57,161.09
75.27,-1.64,160.66
74.95,-1.75,160.29
74.75,-1.82,159.94
74.75,-1.90,159.59
74.84,-1.96,159.21
74.92,-1.97,158.88
75.37,-2.01,158.57
76.00,-1.96,158.22
76.58,-1.88,157.86
77.06,-1.75,157.47
77.38,-1.62,156.96
77.71,-1.57,156.44
77.98,-1.54,155.92
78.03,-1.52,155.40
77.99,-1.54,154.88
77.90,-1.61,154.39
77.79,-1.67,154.05
77.68,-1.69,153.73
77.56,-1.74,153.42
77.44,-1.74,153.13
77.32,-1.75,152.86
77.34,-1.75,152.58
77.30,-1.75,152.34
77.29,-1.75,152.10
77.22,-1.72,151.89
77.20,-1.68,151.67
77.20,-1.61,151.45
77.21,-1.64,151.28
77.25,-1.66,151.12
77.37,-1.65,150.97
77.59,-1.60,150.81
77.81,-1.51,150.65
78.01,-1.45,150.46
78.19,-1.36,150.26
78.35,-1.34,149.99
78.46,-1.33,149.74
78.38,-1.33,149.52
78.15,-1.25,149.34
78.02,-1.21,149.16
77.84,-1.49,149.11
77.77,-1.25,149.15
77.41,-1.30,149.21
77.27,-1.43,149.21
77.08,-1.35,149.20
76.58,-1.22,149.22
75.98,-1.12,149.34
75.20,-1.10,149.48
74.42,-0.86,149.54
73.70,-0.68,149.55
72.96,-0.47,149.59
72.32,-0.37,149.59
71.77,-0.25,149.57
71.32,-0.04,149.42
70.84,-0.07,149.26
70.55,-0.29,149.16
70.64,-0.48,148.88
70.81,-0.29,148.62
70.92,-0.38,148.35
71.47,-0.56,148.18
71.86,-0.67,147.98
72.33,-0.91,147.76
72.81,-1.06,147.55
73.29,-1.06,147.35
73.75,-1.07,147.12
74.32,-0.96,146.65
74.91,-0.76,146.27
75.21,-0.89,146.03
75.62,-0.69,145.70
75.59,-0.62,145.40
75.49,-0.72,145.13
75.21,-1.06,145.03
74.81,-1.09,144.85
73.78,-1.72,144.80
72.91,-2.30,144.76
71.55,-3.06,144.91
70.07,-3.36,145.04
68.61,-3.66,145.30
67.14,-4.45,145.64
65.69,-5.28,146.02
64.65,-5.61,146.29
63.31,-6.24,146.75
62.18,-6.67,147.10
61.29,-7.08,146.71
60.60,-7.44,146.22
59.76,-8.13,145.78
58.93,-8.82,145.28
57.93,-9.13,144.75
56.95,-9.42,144.22
55.93,-9.67,144.14
54.79,-9.88,143.94
53.39,-9.96,143.65
51.87,-10.09,143.13
49.84,-10.06,142.60
47.58,-9.89,142.09
45.39,-9.81,141.27
42.86,-9.89,140.72
40.04,-9.94,140.42
37.09,-10.05,140.32
34.15,-10.15,140.34
31.31,-10.21,140.58
28.26,-10.19,141.02
25.25,-10.22,141.57
22.42,-10.34,142.15
19.42,-10.56,142.68
17.60,-10.38,143.00
15.57,-10.18,143.35
13.79,-9.91,143.30
12.27,-9.41,143.32
10.75,-9.03,143.33
8.96,-8.70,143.32
7.10,-8.42,143.31
5.22,-8.30,143.30
3.46,-8.51,145.08
1.63,-8.71,146.80
-0.19,-8.57,148.31
-1.95,-8.11,149.84
-4.05,-7.82,151.47
-5.86,-7.76,153.07
-7.73,-7.66,154.76
-9.42,-7.61,156.45
-10.97,-7.47,158.17
-12.59,-7.33,159.89
-14.14,-7.20,161.60
-15.45,-7.05,163.26
-16.65,-6.98,164.94
-17.80,-6.88,166.63
-18.90,-6.85,168.34
-20.00,-6.91,170.06
-21.08,-6.96,171.73
-22.10,-6.94,173.39
-23.03,-7.00,175.05
-23.98,-6.97,176.70
-25.03,-6.95,178.36
-26.13,-7.02,-179.95
-27.34,-7.09,-178.20
-28.63,-7.38,-176.47
-29.86,-7.61,-174.81
-31.14,-7.62,-173.28
-32.25,-7.46,-171.93
-33.71,-7.34,-170.58
-35.32,-7.41,-169.18
-36.90,-7.38,-167.77
-38.51,-7.39,-166.33
-40.12,-7.22,-165.00
-41.67,-6.94,-163.61
-43.12,-6.66,-162.03
-44.18,-6.56,-160.62
-45.17,-6.41,-159.28
-46.37,-6.26,-157.87
-47.50,-6.07,-156.47
-48.71,-5.96,-155.08
-50.10,-5.86,-153.73
-51.51,-5.75,-152.35
-52.81,-5.33,-151.04
-53.92,-5.08,-149.67
-55.29,-4.77,-148.27
-56.84,-4.44,-146.88
-58.30,-4.10,-145.51
-59.83,-3.71,-144.13
-61.26,-3.25,-142.75
-62.58,-2.80,-141.38
-63.81,-2.44,-140.04
-64.81,-1.99,-138.74
-65.75,-1.62,-137.50
-66.71,-1.28,-136.27
-67.54,-1.01,-135.01
-68.28,-0.78,-133.69
-68.90,-0.59,-132.43
-69.41,-0.42,-131.22
-69.99,-0.24,-130.06
-70.57,-0.14,-128.93
-71.19,-0.06,-127.84
-71.75,-0.00,-126.73
-72.19,0.07,-125.61
-72.70,0.12,-124.49
-73.24,0.17,-123.40
-73.64,0.28,-122.35
-73.97,0.45,-121.33
-74.38,0.47,-120.32
-74.79,0.45,-119.27
-75.04,0.36,-118.25
-75.07,0.30,-117.28
-74.85,0.31,-116.41
-74.51,0.37,-115.56
-74.11,0.33,-114.56
-73.50,-0.07,-112.73
-73.30,-0.33,-111.64
-72.93,-0.64,-110.72
-72.59,-0.81,-109.85
-72.26,-1.02,-109.05
-71.80,-1.21,-108.28
-71.39,-1.40,-107.53
-71.07,-1.62,-106.80
-70.76,-1.83,-106.11
-70.47,-2.07,-105.45
-70.09,-2.35,-104.84
-69.62,-2.56,-104.27
-69.13,-2.71,-103.77
-68.38,-2.85,-103.38
-67.40,-2.93,-103.09
-66.26,-2.95,-102.85
-65.01,-2.90,-102.61
-63.64,-3.02,-102.37
-61.99,-3.21,-102.13
-60.40,-3.47,-101.69
-58.81,-3.98,-101.14
-57.16,-4.51,-100.60
-55.35,-4.99,-100.21
-53.23,-5.37,-99.99
-51.40,-5.85,-99.74
-49.48,-6.32,-99.52
-47.82,-6.74,-99.26
-46.48,-7.13,-98.93
-45.29,-7.50,-98.58
-44.12,-7.88,-98.42
-42.78,-7.99,-98.34
-41.36,-7.91,-98.32
-40.01,-7.77,-98.33
-38.85,-7.68,-98.24
-37.72,-7.66,-98.15
-36.56,-7.69,-98.09
-35.29,-7.76,-98.08
-33.75,-7.90,-98.10
-31.99,-7.95,-98.21
-30.11,-7.94,-98.42
-28.24,-7.94,-98.60
-26.29,-8.01,-98.93
-24.17,-8.06,-99.30
-21.78,-8.18,-99.67
-19.43,-8.41,-100.00
-17.13,-8.77,-100.25
-14.67,-9.21,-100.45
-12.41,-9.53,-100.90
-9.92,-9.91,-101.40
-7.46,-10.21,-101.97
-5.08,-10.49,-102.54
-2.84,-10.91,-103.15
-0.74,-11.37,-103.84
1.24,-11.70,-105.64
3.00,-12.08,-107.65
4.61,-12.48,-109.81
5.68,-12.99,-112.17
6.60,-13.48,-114.66
7.32,-14.28,-117.42
7.63,-14.72,-120.26
7.80,-14.88,-122.96
7.79,-14.92,-125.53
7.55,-15.05,-127.93
7.15,-15.18,-130.26
6.71,-15.62,-132.64
6.19,-15.95,-134.64
5.86,-16.21,-136.32
5.63,-16.68,-137.64
5.70,-17.42,-138.81
5.93,-18.69,-139.78
6.43,-20.39,-140.66
7.07,-22.51,-141.46
7.85,-24.49,-142.22
8.31,-26.32,-142.76
8.48,-28.32,-142.83
8.34,-30.34,-142.99
7.79,-32.70,-143.03
6.87,-35.15,-142.88
6.26,-37.12,-142.81
5.60,-38.82,-142.96
4.81,-39.77,-143.05
4.46,-41.38,-143.46
4.25,-42.94,-143.98
3.60,-44.84,-143.99
2.91,-46.91,-144.00
2.37,-48.81,-144.14
1.90,-50.82,-144.23
1.07,-53.13,-143.96
0.26,-54.83,-143.61
-0.15,-56.33,-143.49
-0.65,-56.77,-143.24
-1.44,-56.12,-142.69
-1.91,-54.79,-142.43
-2.50,-52.10,-142.13
-2.99,-49.01,-142.00
-2.95,-46.40,-142.41
-2.86,-42.87,-142.89
-2.62,-38.56,-143.73
-2.17,-35.07,-144.87
-1.87,-32.00,-145.80
-1.76,-27.74,-146.63
-1.62,-23.32,-146.16
-1.31,-18.80,-145.66
-1.05,-13.70,-145.19
-1.00,-8.19,-144.69
-0.97,-4.03,-143.94
-0.99,-0.49,-142.76
-0.92,2.19,-141.59
-1.00,4.66,-140.46
-1.29,7.20,-139.29
-1.69,9.51,-138.09
-2.12,11.88,-136.95
-2.55,14.45,-135.88
-2.94,17.41,-134.65
-3.66,20.20,-133.50
-4.51,23.27,-132.44
-5.53,26.07,-131.58
-6.41,28.63,-130.70
-7.18,30.95,-129.79
-7.38,33.15,-128.61
-7.83,34.91,-127.65
-8.51,35.81,-127.08
-9.19,35.73,-126.61
-9.28,35.45,-125.81
-9.06,34.34,-124.73
-8.65,32.69,-123.40
-8.36,30.09,-122.15
-8.34,27.04,-121.02
-8.16,22.89,-119.83
-7.91,18.10,-118.49
-7.29,13.11,-117.00
-6.20,8.75,-117.51
-5.04,4.76,-117.88
-3.98,1.35,-118.25
-3.06,-2.16,-118.76
-2.58,-4.69,-119.47
-1.98,-6.39,-120.27
-1.38,-7.61,-121.39
-1.03,-8.55,-122.41
-1.16,-7.78,-123.26
-1.70,-5.03,-123.90
-2.70,0.77,-124.77
-3.69,6.47,-126.16
-4.93,12.16,-125.56
-6.11,16.78,-125.12
-6.87,20.78,-124.27
-7.31,24.41,-123.24
-7.61,26.95,-122.13
-7.86,28.14,-121.04
-8.16,28.68,-120.04
-8.35,28.74,-119.04
-8.62,28.18,-118.33
-8.27,28.59,-117.65
-8.05,28.23,-116.87
-7.82,27.32,-116.00
-7.53,26.68,-114.89
-6.42,26.02,-113.58
-4.96,24.73,-112.71
-3.43,23.13,-112.15
-2.21,22.02,-111.65
-1.08,22.27,-110.91
0.41,22.67,-109.65
0.63,22.88,-108.55
1.62,23.27,-106.75
2.81,23.32,-104.70
4.47,23.22,-102.53
6.42,23.38,-100.24
8.39,24.03,-97.76
10.38,24.04,-95.23
12.43,23.55,-92.80
14.49,22.80,-90.44
16.47,21.76,-88.27
18.35,20.41,-86.31
20.18,18.57,-84.98
21.72,17.54,-83.68
23.64,16.86,-82.33
25.23,16.17,-80.93
26.74,15.53,-79.33
28.08,15.00,-77.80
29.60,14.62,-77.68
31.20,14.13,-77.58
32.63,13.57,-77.57
33.63,13.01,-77.41
34.44,12.67,-77.08
35.33,12.42,-76.85
36.46,12.29,-76.77
37.28,11.72,-76.64
38.00,11.49,-76.42
38.41,11.10,-76.39
38.43,11.10,-76.58
38.20,11.15,-76.79
37.94,11.04,-77.18
37.87,10.96,-77.65
37.97,10.73,-78.46
38.20,9.99,-79.50
38.67,9.10,-80.76
39.37,7.99,-82.08
40.11,6.55,-83.45
40.73,5.08,-84.84
41.37,3.71,-86.22
41.93,2.33,-87.64
42.37,0.